1	183
1	477
2	293
2	322
3	453
3	457
4	123
4	496
5	466
5	471
6	71
6	484
7	431
7	470
8	201
8	269
9	492
9	498
10	483
10	499
11	275
11	395
12	171
12	485
13	482
13	487
14	139
14	359
15	482
15	487
16	268
16	482
17	469
17	494
18	476
18	494
19	250
19	456
20	446
20	476
21	202
21	398
22	207
22	412
23	430
23	498
24	434
24	461
25	492
25	498
26	335
26	367
27	457
27	487
28	474
28	477
29	331
29	460
30	236
30	438
31	313
31	434
32	375
32	408
33	481
33	489
34	100
34	428
35	317
35	435
36	488
36	494
37	492
37	498
38	442
38	500
39	62
39	498
40	475
40	493
41	341
41	358
42	186
42	447
43	406
43	487
44	299
44	473
45	397
45	482
46	470
46	483
47	144
47	469
48	494
48	497
49	411
49	462
50	129
50	367
51	392
51	475
52	436
52	460
53	407
53	478
54	60
54	380
55	348
55	499
56	417
56	478
57	396
57	465
58	375
58	408
59	369
59	443
60	54
60	394
61	442
61	463
62	39
62	493
63	418
63	424
64	199
64	476
65	481
65	495
66	417
66	418
67	89
67	491
68	494
68	497
69	481
69	489
70	331
70	347
71	6
71	478
72	108
72	486
73	460
73	469
74	416
74	491
75	300
75	441
76	485
76	498
77	484
77	496
78	407
78	459
79	151
79	481
80	471
80	500
81	427
81	499
82	459
82	496
83	118
83	474
84	492
84	498
85	128
85	470
86	495
86	497
87	211
87	491
88	405
88	489
89	67
89	491
90	221
90	471
91	492
91	498
92	432
92	487
93	141
93	396
94	393
94	444
95	443
95	451
96	237
96	473
97	119
97	321
98	461
98	471
99	493
99	500
100	34
100	428
101	451
101	489
102	386
102	474
103	473
103	500
104	134
104	367
105	446
105	476
106	409
106	455
107	342
107	451
108	72
108	500
109	225
109	491
110	421
110	443
111	174
111	489
112	459
112	496
113	476
113	496
114	215
114	305
115	477
115	486
116	354
116	434
117	403
117	499
118	83
118	477
119	97
119	213
120	339
120	488
121	417
121	418
122	490
122	500
123	4
123	475
124	440
124	478
125	473
125	493
126	461
126	466
127	241
127	444
128	85
128	364
129	50
129	331
130	409
130	478
131	484
131	496
132	469
132	497
133	432
133	462
134	104
134	425
135	473
135	493
136	337
136	495
137	477
137	498
138	265
138	471
139	14
139	444
140	433
140	478
141	93
141	461
142	466
142	471
143	393
143	500
144	47
144	450
145	260
145	493
146	361
146	470
147	353
147	392
148	450
148	489
149	293
149	462
150	385
150	488
151	79
151	496
152	382
152	478
153	428
153	430
154	380
154	438
155	326
155	381
156	317
156	398
157	478
157	499
158	492
158	498
159	450
159	476
160	365
160	381
161	453
161	495
162	432
162	462
163	434
163	496
164	345
164	352
165	339
165	462
166	448
166	490
167	401
167	499
168	395
168	447
169	461
169	471
170	441
170	499
171	12
171	391
172	389
172	424
173	452
173	482
174	111
174	487
175	389
175	455
176	362
176	480
177	426
177	496
178	447
178	491
179	462
179	474
180	228
180	495
181	423
181	497
182	205
182	475
183	1
183	326
184	481
184	489
185	299
185	393
186	42
186	499
187	466
187	471
188	371
188	436
189	485
189	498
190	472
190	497
191	461
191	466
192	488
192	500
193	217
193	428
194	483
194	499
195	468
195	494
196	269
196	329
197	380
197	401
197	470
198	459
198	484
198	496
199	64
199	408
199	494
200	324
200	492
200	498
201	8
201	335
201	488
202	21
202	398
202	492
203	368
203	392
203	475
204	344
204	371
204	382
205	182
205	261
205	475
206	456
206	486
206	491
207	22
207	232
207	385
208	495
208	497
208	498
209	392
209	466
209	471
210	381
210	426
210	496
211	87
211	467
211	491
212	368
212	404
212	475
213	119
213	288
213	444
214	294
214	486
214	488
215	114
215	398
215	406
216	435
216	441
216	499
217	193
217	319
217	428
218	400
218	482
218	487
219	256
219	266
219	283
220	428
220	433
220	478
221	90
221	483
221	499
222	493
222	498
222	500
223	297
223	481
223	489
224	449
224	495
224	497
225	109
225	358
225	460
226	400
226	447
226	453
227	365
227	381
227	466
228	180
228	278
228	469
229	461
229	466
229	471
230	437
230	472
230	494
231	399
231	481
231	489
232	207
232	319
232	428
233	271
233	451
233	453
234	342
234	379
234	464
235	440
235	449
235	497
236	30
236	380
236	386
237	96
237	446
237	476
238	410
238	463
238	499
239	327
239	418
239	424
240	325
240	369
240	443
241	127
241	341
241	393
242	483
242	484
242	499
243	460
243	474
243	477
244	477
244	486
244	488
245	412
245	492
245	498
246	372
246	446
246	476
247	421
247	443
247	451
248	480
248	483
248	499
249	426
249	484
249	496
250	19
250	296
250	445
251	419
251	455
251	478
252	412
252	425
252	432
253	459
253	484
253	496
254	454
254	484
254	496
255	362
255	379
255	464
256	219
256	477
256	486
257	265
257	276
257	424
258	340
258	429
258	465
259	391
259	416
259	453
260	145
260	411
260	412
261	205
261	475
261	483
262	353
262	426
262	475
263	454
263	484
263	496
264	431
264	481
264	489
265	138
265	257
265	417
266	219
266	393
266	488
267	454
267	484
267	496
268	16
268	271
268	491
269	8
269	196
269	335
270	335
270	419
270	478
271	233
271	268
271	337
272	388
272	476
272	500
273	432
273	433
273	478
274	461
274	466
274	471
275	11
275	427
275	483
276	257
276	418
276	424
277	365
277	375
277	381
278	228
278	422
278	497
279	338
279	464
279	465
280	366
280	464
280	465
281	354
281	396
281	455
282	379
282	420
282	442
282	500
283	219
283	417
283	418
283	424
284	480
284	485
284	492
284	498
285	356
285	411
285	421
285	451
286	454
286	484
286	486
286	496
287	352
287	358
287	416
287	491
288	213
288	318
288	357
288	476
289	363
289	472
289	495
289	497
290	382
290	436
290	443
290	460
291	323
291	401
291	443
291	499
292	340
292	373
292	384
292	488
293	2
293	149
293	432
293	462
294	214
294	365
294	381
294	408
295	346
295	361
295	394
295	438
296	250
296	304
296	319
296	428
297	223
297	450
297	481
297	489
298	354
298	409
298	434
298	457
299	44
299	185
299	359
299	494
300	75
300	378
300	473
300	493
301	472
301	485
301	492
301	498
302	306
302	439
302	482
302	487
303	457
303	482
303	485
303	487
304	296
304	311
304	359
304	444
305	114
305	317
305	398
305	483
306	302
306	353
306	404
306	475
307	320
307	490
307	495
307	500
308	376
308	425
308	463
308	500
309	439
309	440
309	457
309	487
310	419
310	439
310	482
310	487
311	304
311	393
311	444
311	498
312	371
312	423
312	436
312	460
313	31
313	409
313	434
313	455
314	350
314	440
314	469
314	494
315	410
315	459
315	484
315	496
316	413
316	474
316	486
316	488
317	35
317	156
317	305
317	398
318	288
318	372
318	476
318	491
319	217
319	232
319	296
319	428
319	441
320	307
320	425
320	490
320	493
320	495
321	97
321	323
321	327
321	371
321	410
322	2
322	338
322	389
322	396
322	434
323	291
323	321
323	372
323	470
323	483
324	200
324	384
324	477
324	486
324	488
325	240
325	366
325	429
325	464
325	465
326	155
326	183
326	416
326	453
326	491
327	239
327	321
327	427
327	441
327	483
328	452
328	457
328	468
328	482
328	487
329	196
329	335
329	367
329	456
329	462
330	406
330	439
330	457
330	482
330	487
331	29
331	70
331	129
331	347
331	460
332	354
332	389
332	396
332	452
332	455
333	355
333	373
333	474
333	486
333	488
334	425
334	463
334	490
334	493
334	499
335	26
335	201
335	269
335	270
335	329
336	367
336	402
336	463
336	490
336	493
337	136
337	271
337	400
337	447
337	491
338	279
338	322
338	379
338	429
338	464
339	120
339	165
339	411
339	412
339	462
340	258
340	292
340	397
340	456
340	474
341	41
341	241
341	359
341	361
341	444
342	107
342	234
342	362
342	429
342	465
343	431
343	450
343	481
343	489
343	498
344	204
344	347
344	382
344	460
344	496
345	164
345	351
345	394
345	438
345	466
346	295
346	351
346	394
346	401
346	438
347	70
347	331
347	344
347	436
347	438
348	55
348	396
348	409
348	434
348	455
349	480
349	485
349	492
349	498
349	499
350	314
350	420
350	442
350	467
350	490
351	345
351	346
351	380
351	394
351	436
351	438
352	164
352	287
352	364
352	447
352	490
352	491
353	147
353	262
353	306
353	404
353	472
353	475
354	116
354	281
354	298
354	332
354	409
354	455
355	333
355	361
355	388
355	446
355	476
355	499
356	285
356	359
356	421
356	429
356	443
356	451
357	288
357	361
357	368
357	388
357	446
357	476
358	41
358	225
358	287
358	364
358	400
358	453
359	14
359	299
359	304
359	341
359	356
359	444
360	369
360	437
360	469
360	472
360	494
360	495
361	146
361	295
361	341
361	355
361	357
361	476
362	176
362	255
362	342
362	429
362	464
362	465
363	289
363	479
363	480
363	485
363	492
363	498
364	128
364	352
364	358
364	447
364	474
364	491
365	160
365	227
365	277
365	294
365	408
365	489
366	280
366	325
366	429
366	464
366	465
366	493
367	26
367	50
367	104
367	329
367	336
367	492
368	203
368	212
368	357
368	392
368	404
368	475
369	59
369	240
369	360
369	421
369	443
369	451
370	377
370	431
370	450
370	479
370	481
370	489
371	188
371	204
371	312
371	321
371	436
371	460
372	246
372	318
372	323
372	421
372	446
372	476
373	292
373	333
373	435
373	456
373	474
373	477
374	396
374	420
374	467
374	473
374	490
374	500
375	32
375	58
375	277
375	408
375	472
375	490
376	308
376	426
376	454
376	459
376	484
376	496
377	370
377	405
377	450
377	481
377	489
377	490
378	300
378	448
378	463
378	471
378	490
378	500
379	234
379	255
379	282
379	338
379	464
379	465
380	54
380	154
380	197
380	236
380	351
380	438
380	496
381	155
381	160
381	210
381	227
381	277
381	294
381	408
382	152
382	204
382	290
382	344
382	436
382	460
382	489
383	387
383	406
383	407
383	419
383	433
383	477
383	478
384	292
384	324
384	413
384	474
384	479
384	486
384	488
385	150
385	207
385	417
385	456
385	477
385	486
385	488
386	102
386	236
386	413
386	456
386	486
386	488
386	497
387	383
387	395
387	410
387	470
387	483
387	497
387	499
388	272
388	355
388	357
388	431
388	446
388	474
388	476
389	172
389	175
389	322
389	332
389	409
389	434
389	455
390	398
390	403
390	463
390	469
390	494
390	495
390	497
391	171
391	259
391	433
391	437
391	447
391	453
391	491
392	51
392	147
392	203
392	209
392	368
392	404
392	475
393	94
393	143
393	185
393	241
393	266
393	311
393	444
394	60
394	295
394	345
394	346
394	351
394	438
394	459
395	11
395	168
395	387
395	435
395	483
395	493
395	499
396	57
396	93
396	281
396	322
396	332
396	348
396	374
397	45
397	340
397	422
397	456
397	477
397	486
397	488
398	21
398	156
398	202
398	215
398	305
398	317
398	390
399	231
399	405
399	431
399	450
399	481
399	482
399	489
400	218
400	226
400	337
400	358
400	447
400	453
400	491
401	167
401	197
401	291
401	346
401	470
401	483
401	499
402	336
402	416
402	467
402	473
402	481
402	490
402	493
402	500
403	117
403	390
403	414
403	430
403	468
403	494
403	495
403	497
404	212
404	306
404	353
404	368
404	392
404	475
404	478
404	484
405	88
405	377
405	399
405	431
405	450
405	479
405	481
405	489
406	43
406	215
406	330
406	383
406	407
406	419
406	433
406	478
407	53
407	78
407	383
407	406
407	419
407	433
407	478
407	488
408	32
408	58
408	199
408	294
408	365
408	375
408	381
408	480
409	106
409	130
409	298
409	313
409	348
409	354
409	389
409	455
410	238
410	315
410	321
410	387
410	441
410	470
410	483
410	499
411	49
411	260
411	285
411	339
411	412
411	432
411	462
411	489
412	22
412	245
412	252
412	260
412	339
412	411
412	432
412	462
413	316
413	384
413	386
413	445
413	474
413	477
413	486
413	500
414	403
414	458
414	479
414	480
414	485
414	492
414	496
414	498
415	433
415	458
415	461
415	466
415	471
416	74
416	259
416	287
416	326
416	402
416	453
416	491
416	494
417	56
417	66
417	121
417	265
417	283
417	385
417	418
417	424
418	63
418	66
418	121
418	239
418	276
418	283
418	417
418	424
418	499
419	251
419	270
419	310
419	383
419	406
419	407
419	433
419	461
419	478
420	282
420	350
420	374
420	458
420	463
420	484
420	490
420	493
420	500
421	110
421	247
421	285
421	356
421	369
421	372
421	443
421	451
421	469
422	278
422	397
422	423
422	430
422	468
422	481
422	494
422	495
422	497
423	181
423	312
423	422
423	436
423	437
423	440
423	494
423	495
423	497
424	63
424	172
424	239
424	257
424	276
424	283
424	417
424	418
424	486
425	134
425	252
425	308
425	320
425	334
425	448
425	467
425	490
425	500
426	177
426	210
426	249
426	262
426	376
426	454
426	459
426	484
426	496
427	81
427	275
427	327
427	435
427	441
427	470
427	476
427	494
427	499
428	34
428	100
428	153
428	193
428	217
428	220
428	232
428	296
428	319
428	493
429	258
429	325
429	338
429	342
429	356
429	362
429	366
429	464
429	465
429	480
430	23
430	153
430	403
430	422
430	468
430	472
430	487
430	494
430	495
430	497
431	7
431	264
431	343
431	370
431	388
431	399
431	405
431	450
431	481
431	489
432	92
432	133
432	162
432	252
432	273
432	293
432	411
432	412
432	462
432	491
433	140
433	220
433	273
433	383
433	391
433	406
433	407
433	415
433	419
433	478
434	24
434	31
434	116
434	163
434	298
434	313
434	322
434	348
434	389
434	460
435	35
435	216
435	373
435	395
435	427
435	441
435	470
435	483
435	497
435	499
436	52
436	188
436	290
436	312
436	347
436	351
436	371
436	382
436	423
436	460
437	230
437	360
437	391
437	423
437	468
437	472
437	476
437	494
437	495
437	497
438	30
438	154
438	295
438	345
438	346
438	347
438	351
438	380
438	394
438	452
439	302
439	309
439	310
439	330
439	445
439	452
439	454
439	457
439	471
439	482
439	487
440	124
440	235
440	309
440	314
440	423
440	468
440	469
440	472
440	494
440	495
440	497
441	75
441	170
441	216
441	319
441	327
441	410
441	427
441	435
441	470
441	490
441	499
442	38
442	61
442	282
442	350
442	459
442	464
442	467
442	473
442	490
442	493
442	500
443	59
443	95
443	110
443	240
443	247
443	290
443	291
443	356
443	369
443	421
443	451
444	94
444	127
444	139
444	213
444	304
444	311
444	341
444	359
444	393
444	467
444	483
445	250
445	413
445	439
445	452
445	457
445	482
445	487
446	20
446	105
446	237
446	246
446	355
446	357
446	372
446	388
446	468
446	476
446	497
447	42
447	168
447	178
447	226
447	337
447	352
447	364
447	391
447	400
447	453
447	491
448	166
448	378
448	425
448	452
448	457
448	463
448	467
448	473
448	490
448	493
448	500
449	224
449	235
449	458
449	475
449	479
449	480
449	485
449	492
449	498
450	144
450	148
450	159
450	297
450	343
450	370
450	377
450	399
450	405
450	431
450	481
450	489
451	95
451	101
451	107
451	233
451	247
451	285
451	356
451	369
451	421
451	443
451	487
451	495
452	173
452	328
452	332
452	438
452	439
452	445
452	448
452	457
452	482
452	487
453	3
453	161
453	226
453	233
453	259
453	326
453	358
453	391
453	400
453	416
453	447
453	491
454	254
454	263
454	267
454	286
454	376
454	426
454	439
454	459
454	478
454	481
454	484
454	496
455	106
455	175
455	251
455	281
455	313
455	332
455	348
455	354
455	389
455	409
455	473
455	474
456	19
456	206
456	329
456	340
456	373
456	385
456	386
456	397
456	474
456	477
456	486
456	494
456	495
457	3
457	27
457	298
457	303
457	309
457	328
457	330
457	439
457	445
457	448
457	452
457	482
457	487
458	414
458	415
458	420
458	449
458	479
458	480
458	485
458	492
458	498
459	78
459	82
459	112
459	198
459	253
459	315
459	376
459	394
459	426
459	442
459	454
459	484
459	496
460	29
460	52
460	73
460	225
460	243
460	290
460	312
460	331
460	344
460	371
460	382
460	434
460	436
461	24
461	98
461	126
461	141
461	169
461	191
461	229
461	274
461	415
461	419
461	466
461	471
462	49
462	133
462	149
462	162
462	165
462	179
462	293
462	329
462	339
462	411
462	412
462	432
462	473
463	61
463	238
463	308
463	334
463	336
463	378
463	390
463	420
463	448
463	467
463	490
463	493
463	500
464	234
464	255
464	279
464	280
464	325
464	338
464	362
464	366
464	379
464	429
464	442
464	465
464	484
465	57
465	258
465	279
465	280
465	325
465	342
465	362
465	366
465	379
465	429
465	464
465	466
465	486
465	488
466	5
466	126
466	142
466	187
466	191
466	209
466	227
466	229
466	274
466	345
466	415
466	461
466	465
466	471
467	211
467	350
467	374
467	402
467	425
467	442
467	444
467	448
467	463
467	473
467	485
467	490
467	493
467	500
468	195
468	328
468	403
468	422
468	430
468	437
468	440
468	446
468	469
468	472
468	485
468	494
468	495
468	497
469	17
469	47
469	73
469	132
469	228
469	314
469	360
469	390
469	421
469	440
469	468
469	472
469	494
469	495
470	7
470	46
470	85
470	146
470	197
470	323
470	387
470	401
470	410
470	427
470	435
470	441
470	483
470	499
471	5
471	80
471	90
471	98
471	138
471	142
471	169
471	187
471	209
471	229
471	274
471	378
471	415
471	439
471	461
471	466
472	190
472	230
472	289
472	301
472	353
472	360
472	375
472	430
472	437
472	440
472	468
472	469
472	494
472	495
472	497
472	500
473	44
473	96
473	103
473	125
473	135
473	300
473	374
473	402
473	442
473	448
473	455
473	462
473	467
473	490
473	493
473	500
474	28
474	83
474	102
474	179
474	243
474	316
474	333
474	340
474	364
474	373
474	384
474	388
474	413
474	455
474	456
474	477
474	488
475	40
475	51
475	123
475	182
475	203
475	205
475	212
475	261
475	262
475	306
475	353
475	368
475	392
475	404
475	449
475	496
475	499
476	18
476	20
476	64
476	105
476	113
476	159
476	237
476	246
476	272
476	288
476	318
476	355
476	357
476	361
476	372
476	388
476	427
476	437
476	446
477	1
477	28
477	115
477	118
477	137
477	243
477	244
477	256
477	324
477	373
477	383
477	385
477	397
477	413
477	456
477	474
477	486
477	488
477	491
478	53
478	56
478	71
478	124
478	130
478	140
478	152
478	157
478	220
478	251
478	270
478	273
478	383
478	404
478	406
478	407
478	419
478	433
478	454
479	363
479	370
479	384
479	405
479	414
479	449
479	458
479	480
479	482
479	485
479	492
479	498
480	176
480	248
480	284
480	349
480	363
480	408
480	414
480	429
480	449
480	458
480	479
480	485
480	492
480	498
481	33
481	65
481	69
481	79
481	184
481	223
481	231
481	264
481	297
481	343
481	370
481	377
481	399
481	402
481	405
481	422
481	431
481	450
481	454
481	489
482	13
482	15
482	16
482	45
482	173
482	218
482	302
482	303
482	310
482	328
482	330
482	399
482	439
482	445
482	452
482	457
482	479
482	487
482	491
482	495
483	10
483	46
483	194
483	221
483	242
483	248
483	261
483	275
483	305
483	323
483	327
483	387
483	395
483	401
483	410
483	435
483	444
483	470
483	492
483	499
484	6
484	77
484	131
484	198
484	242
484	249
484	253
484	254
484	263
484	267
484	286
484	315
484	376
484	404
484	420
484	426
484	454
484	459
484	464
484	496
485	12
485	76
485	189
485	284
485	301
485	303
485	349
485	363
485	414
485	449
485	458
485	467
485	468
485	479
485	480
485	492
485	498
485	500
486	72
486	115
486	206
486	214
486	244
486	256
486	286
486	316
486	324
486	333
486	384
486	385
486	386
486	397
486	413
486	424
486	456
486	465
486	477
486	488
486	497
487	13
487	15
487	27
487	43
487	92
487	174
487	218
487	302
487	303
487	309
487	310
487	328
487	330
487	430
487	439
487	445
487	451
487	452
487	457
487	482
487	492
488	36
488	120
488	150
488	192
488	201
488	214
488	244
488	266
488	292
488	316
488	324
488	333
488	384
488	385
488	386
488	397
488	407
488	465
488	474
488	477
488	486
488	489
489	33
489	69
489	88
489	101
489	111
489	148
489	184
489	223
489	231
489	264
489	297
489	343
489	365
489	370
489	377
489	382
489	399
489	405
489	411
489	431
489	450
489	481
489	488
490	122
490	166
490	307
490	320
490	334
490	336
490	350
490	352
490	374
490	375
490	377
490	378
490	402
490	420
490	425
490	441
490	442
490	448
490	463
490	467
490	473
490	493
490	500
491	67
491	74
491	87
491	89
491	109
491	178
491	206
491	211
491	268
491	287
491	318
491	326
491	337
491	352
491	364
491	391
491	400
491	416
491	432
491	447
491	453
491	477
491	482
492	9
492	25
492	37
492	84
492	91
492	158
492	200
492	202
492	245
492	284
492	301
492	349
492	363
492	367
492	414
492	449
492	458
492	479
492	480
492	483
492	485
492	487
492	498
493	40
493	62
493	99
493	125
493	135
493	145
493	222
493	300
493	320
493	334
493	336
493	366
493	395
493	402
493	420
493	428
493	442
493	448
493	463
493	467
493	473
493	490
493	500
494	17
494	18
494	36
494	48
494	68
494	195
494	199
494	230
494	299
494	314
494	360
494	390
494	403
494	416
494	422
494	423
494	427
494	430
494	437
494	440
494	456
494	468
494	469
494	472
494	495
494	497
495	65
495	86
495	136
495	161
495	180
495	208
495	224
495	289
495	307
495	320
495	360
495	390
495	403
495	422
495	423
495	430
495	437
495	440
495	451
495	456
495	468
495	469
495	472
495	482
495	494
495	497
496	4
496	77
496	82
496	112
496	113
496	131
496	151
496	163
496	177
496	198
496	210
496	249
496	253
496	254
496	263
496	267
496	286
496	315
496	344
496	376
496	380
496	414
496	426
496	454
496	459
496	475
496	484
497	48
497	68
497	86
497	132
497	181
497	190
497	208
497	224
497	235
497	278
497	289
497	386
497	387
497	390
497	403
497	422
497	423
497	430
497	435
497	437
497	440
497	446
497	468
497	472
497	486
497	494
497	495
498	9
498	23
498	25
498	37
498	39
498	76
498	84
498	91
498	137
498	158
498	189
498	200
498	208
498	222
498	245
498	284
498	301
498	311
498	343
498	349
498	363
498	414
498	449
498	458
498	479
498	480
498	485
498	492
498	500
499	10
499	55
499	81
499	117
499	157
499	167
499	170
499	186
499	194
499	216
499	221
499	238
499	242
499	248
499	291
499	334
499	349
499	355
499	387
499	395
499	401
499	410
499	418
499	427
499	435
499	441
499	470
499	475
499	483
500	38
500	80
500	99
500	103
500	108
500	122
500	143
500	192
500	222
500	272
500	282
500	307
500	308
500	374
500	378
500	402
500	413
500	420
500	425
500	442
500	448
500	463
500	467
500	472
500	473
500	485
500	490
500	493
500	498
