1	469
1	495
2	472
2	494
3	443
3	490
4	479
4	500
5	335
5	412
6	484
6	499
7	423
7	486
8	213
8	489
9	498
9	500
10	355
10	482
11	406
11	485
12	289
12	460
13	472
13	494
14	281
14	404
15	412
15	498
16	101
16	315
17	367
17	439
18	431
18	487
19	68
19	481
20	264
20	466
21	470
21	474
22	210
22	351
23	466
23	481
24	493
24	495
25	442
25	476
26	308
26	496
27	392
27	433
28	455
28	482
29	328
29	497
30	480
30	489
31	378
31	438
32	245
32	492
33	71
33	201
34	373
34	489
35	328
35	492
36	454
36	499
37	403
37	484
38	429
38	496
39	168
39	447
40	426
40	494
41	498
41	500
42	481
42	483
43	411
43	473
44	423
44	470
45	477
45	481
46	458
46	473
47	182
47	478
48	492
48	497
49	414
49	439
50	239
50	424
51	237
51	433
52	398
52	483
53	485
53	496
54	465
54	466
55	484
55	490
56	468
56	499
57	467
57	487
58	488
58	497
59	446
59	473
60	411
60	473
61	367
61	476
62	76
62	420
63	419
63	474
64	274
64	490
65	75
65	489
66	455
66	486
67	441
67	479
68	19
68	283
69	137
69	466
70	353
70	465
71	33
71	496
72	304
72	418
73	426
73	500
74	406
74	457
75	65
75	296
76	62
76	468
77	498
77	500
78	475
78	496
79	151
79	280
80	484
80	490
81	474
81	491
82	357
82	486
83	449
83	474
84	105
84	298
85	86
85	447
86	85
86	496
87	337
87	486
88	313
88	485
89	408
89	443
90	477
90	478
91	405
91	494
92	491
92	492
93	366
93	462
94	472
94	494
95	493
95	497
96	480
96	496
97	324
97	443
98	463
98	480
99	469
99	495
100	452
100	485
101	16
101	418
102	432
102	500
103	113
103	499
104	460
104	497
105	84
105	250
106	200
106	483
107	484
107	490
108	373
108	489
109	450
109	495
110	429
110	476
111	472
111	494
112	399
112	492
113	103
113	487
114	453
114	476
115	238
115	494
116	352
116	399
117	365
117	470
118	220
118	307
119	460
119	497
120	484
120	490
121	413
121	497
122	422
122	464
123	398
123	447
124	421
124	483
125	181
125	397
126	462
126	486
127	457
127	486
128	275
128	353
129	266
129	377
130	139
130	483
131	444
131	489
132	325
132	429
133	465
133	495
134	426
134	494
135	487
135	499
136	208
136	381
137	69
137	417
138	241
138	498
139	130
139	405
140	429
140	477
141	498
141	500
142	418
142	439
143	477
143	481
144	323
144	494
145	392
145	433
146	378
146	476
147	480
147	496
148	455
148	500
149	457
149	483
150	449
150	486
151	79
151	265
152	498
152	500
153	491
153	497
154	314
154	441
155	488
155	497
156	407
156	493
157	333
157	490
158	341
158	466
159	361
159	485
160	421
160	457
161	475
161	482
162	424
162	486
163	336
163	422
164	480
164	496
165	330
165	489
166	396
166	494
167	404
167	415
168	39
168	405
169	488
169	497
170	425
170	499
171	479
171	500
172	290
172	458
173	280
173	455
174	484
174	490
175	448
175	469
176	444
176	489
177	275
177	305
178	376
178	483
179	420
179	466
180	353
180	361
180	427
181	125
181	202
181	203
182	47
182	363
182	476
183	480
183	485
183	496
184	395
184	450
184	496
185	491
185	492
185	495
186	333
186	343
186	422
187	436
187	460
187	488
188	417
188	479
188	500
189	204
189	381
189	399
190	418
190	488
190	497
191	329
191	387
191	409
192	449
192	458
192	489
193	441
193	498
193	500
194	369
194	370
194	433
195	476
195	488
195	497
196	346
196	488
196	497
197	292
197	461
197	487
198	435
198	462
198	483
199	366
199	447
199	462
200	106
200	419
200	444
201	33
201	392
201	408
202	181
202	484
202	490
203	181
203	397
203	486
204	189
204	475
204	482
205	449
205	480
205	485
206	408
206	411
206	448
207	329
207	432
207	464
208	136
208	328
208	497
209	379
209	419
209	482
210	22
210	360
210	450
211	417
211	462
211	470
212	463
212	498
212	500
213	8
213	415
213	431
214	436
214	488
214	497
215	423
215	424
215	486
216	432
216	453
216	476
217	390
217	481
217	494
218	497
218	498
218	500
219	408
219	410
219	411
220	118
220	361
220	453
221	240
221	366
221	462
222	491
222	494
222	495
223	303
223	384
223	464
224	390
224	494
224	500
225	457
225	473
225	483
226	373
226	485
226	496
227	300
227	417
227	462
228	451
228	455
228	482
229	310
229	425
229	487
230	292
230	487
230	498
231	291
231	307
231	361
232	339
232	431
232	474
233	436
233	488
233	497
234	354
234	484
234	490
235	381
235	399
235	406
236	356
236	371
236	465
237	51
237	298
237	387
238	115
238	446
238	493
239	50
239	357
239	423
240	221
240	417
240	462
241	138
241	388
241	448
242	388
242	410
242	473
243	358
243	404
243	498
244	391
244	432
244	499
245	32
245	477
245	478
246	460
246	488
246	497
247	444
247	451
247	482
248	428
248	465
248	466
249	432
249	442
249	453
250	105
250	455
250	486
251	469
251	491
251	495
252	413
252	488
252	497
253	444
253	449
253	489
254	492
254	493
254	495
255	423
255	452
255	496
256	372
256	465
256	483
257	453
257	498
257	500
258	290
258	397
258	427
259	288
259	429
259	500
260	430
260	437
260	439
261	371
261	465
261	466
262	468
262	487
262	499
263	441
263	479
263	498
264	20
264	341
264	465
265	151
265	337
265	455
266	129
266	348
266	486
267	305
267	352
267	482
268	440
268	491
268	493
269	380
269	415
269	427
270	493
270	495
270	496
271	479
271	498
271	500
272	459
272	482
272	498
273	399
273	406
273	413
274	64
274	487
274	499
275	128
275	177
275	305
276	425
276	454
276	499
277	348
277	418
277	437
278	451
278	459
278	475
279	364
279	484
279	490
280	79
280	173
280	322
281	14
281	362
281	370
282	284
282	286
282	408
282	447
283	68
283	348
283	437
283	481
284	282
284	406
284	407
284	473
285	289
285	472
285	474
285	489
286	282
286	375
286	443
286	499
287	336
287	368
287	458
287	499
288	259
288	351
288	397
288	429
289	12
289	285
289	379
289	489
290	172
290	258
290	380
290	389
291	231
291	305
291	369
291	381
292	197
292	230
292	467
292	470
293	458
293	468
293	487
293	499
294	463
294	479
294	498
294	500
295	301
295	391
295	449
295	489
296	75
296	477
296	478
296	481
297	422
297	480
297	485
297	496
298	84
298	237
298	392
298	433
299	318
299	407
299	443
299	447
300	227
300	417
300	425
300	462
301	295
301	373
301	449
301	474
302	452
302	480
302	485
302	496
303	223
303	422
303	442
303	464
304	72
304	418
304	437
304	439
305	177
305	267
305	275
305	291
306	435
306	469
306	472
306	494
307	118
307	231
307	349
307	427
308	26
308	492
308	493
308	495
309	463
309	479
309	498
309	500
310	229
310	480
310	485
310	496
311	338
311	414
311	484
311	490
312	460
312	485
312	488
312	497
313	88
313	467
313	487
313	499
314	154
314	393
314	451
314	475
315	16
315	404
315	415
315	476
316	320
316	325
316	397
316	429
317	394
317	401
317	484
317	490
318	299
318	479
318	498
318	500
319	423
319	491
319	492
319	493
320	316
320	351
320	397
320	437
321	329
321	333
321	384
321	454
322	280
322	331
322	392
322	433
323	144
323	434
323	435
323	494
324	97
324	349
324	388
324	405
325	132
325	316
325	351
325	429
326	463
326	479
326	498
326	500
327	351
327	454
327	458
327	499
328	29
328	35
328	208
328	488
329	191
329	207
329	321
329	464
330	165
330	459
330	475
330	482
331	322
331	362
331	370
331	433
332	339
332	360
332	395
332	415
333	157
333	186
333	321
333	422
333	464
334	411
334	461
334	492
334	493
334	495
335	5
335	401
335	412
335	432
335	442
336	163
336	287
336	384
336	387
336	464
337	87
337	265
337	357
337	455
337	486
338	311
338	383
338	407
338	410
338	448
339	232
339	332
339	360
339	431
339	450
340	359
340	400
340	421
340	483
340	500
341	158
341	264
341	465
341	466
341	493
342	452
342	461
342	480
342	485
342	496
343	186
343	384
343	391
343	422
343	464
344	419
344	444
344	474
344	486
344	489
345	452
345	480
345	485
345	488
345	496
346	196
346	409
346	459
346	475
346	482
347	360
347	463
347	479
347	498
347	500
348	266
348	277
348	283
348	437
348	439
349	307
349	324
349	382
349	383
349	407
350	491
350	492
350	493
350	495
350	498
351	22
351	288
351	320
351	325
351	327
352	116
352	267
352	451
352	459
352	475
353	70
353	128
353	180
353	427
353	450
354	234
354	454
354	467
354	470
354	499
355	10
355	386
355	435
355	472
355	494
356	236
356	371
356	465
356	466
356	494
357	82
357	239
357	337
357	372
357	486
358	243
358	371
358	395
358	431
358	450
359	340
359	372
359	377
359	457
359	483
360	210
360	332
360	339
360	347
360	431
361	159
361	180
361	220
361	231
361	380
362	281
362	331
362	370
362	392
362	445
363	182
363	407
363	442
363	453
363	476
364	279
364	372
364	421
364	457
364	483
365	117
365	458
365	465
365	467
365	468
365	499
366	93
366	199
366	221
366	417
366	462
366	495
367	17
367	61
367	412
367	432
367	453
367	476
368	287
368	385
368	418
368	458
368	468
368	499
369	194
369	291
369	380
369	400
369	427
369	428
370	194
370	281
370	331
370	362
370	392
370	409
371	236
371	261
371	356
371	358
371	465
371	466
372	256
372	357
372	359
372	364
372	421
372	483
373	34
373	108
373	226
373	301
373	449
373	474
374	430
374	460
374	491
374	492
374	493
374	495
375	286
375	405
375	425
375	443
375	447
375	448
376	178
376	400
376	421
376	457
376	483
376	493
377	129
377	359
377	423
377	424
377	455
377	486
378	31
378	146
378	387
378	442
378	453
378	476
379	209
379	289
379	403
379	408
379	474
379	489
380	269
380	290
380	361
380	369
380	427
380	489
381	136
381	189
381	235
381	291
381	399
381	406
382	349
382	398
382	408
382	424
382	431
382	448
383	338
383	349
383	443
383	448
383	473
383	474
384	223
384	321
384	336
384	343
384	464
384	499
385	368
385	451
385	468
385	470
385	487
385	491
386	355
386	426
386	435
386	472
386	479
386	494
387	191
387	237
387	336
387	378
387	422
387	464
388	241
388	242
388	324
388	398
388	405
388	438
388	482
389	290
389	416
389	461
389	491
389	493
389	494
389	495
390	217
390	224
390	426
390	472
390	491
390	492
390	494
391	244
391	295
391	343
391	425
391	467
391	487
391	499
392	27
392	145
392	201
392	298
392	322
392	362
392	370
393	314
393	404
393	409
393	459
393	475
393	482
393	492
394	317
394	401
394	403
394	410
394	414
394	484
394	490
395	184
395	332
395	358
395	404
395	415
395	450
395	488
396	166
396	434
396	445
396	456
396	471
396	478
396	481
397	125
397	203
397	258
397	288
397	316
397	320
397	429
398	52
398	123
398	382
398	388
398	443
398	473
398	499
399	112
399	116
399	189
399	235
399	273
399	381
399	406
400	340
400	369
400	376
400	421
400	457
400	475
400	483
401	317
401	335
401	394
401	403
401	414
401	484
401	490
402	420
402	428
402	442
402	471
402	477
402	478
402	481
403	37
403	379
403	394
403	401
403	414
403	484
403	490
404	14
404	167
404	243
404	315
404	393
404	395
404	450
405	91
405	139
405	168
405	324
405	375
405	388
405	447
406	11
406	74
406	235
406	273
406	284
406	381
406	399
407	156
407	284
407	299
407	338
407	349
407	363
407	410
407	443
408	89
408	201
408	206
408	219
408	282
408	379
408	382
408	473
409	191
409	346
409	370
409	393
409	451
409	459
409	475
409	482
410	219
410	242
410	338
410	394
410	407
410	447
410	473
410	489
411	43
411	60
411	206
411	219
411	334
411	417
411	447
411	473
412	5
412	15
412	335
412	367
412	432
412	442
412	453
412	476
413	121
413	252
413	273
413	436
413	460
413	488
413	497
413	498
414	49
414	311
414	394
414	401
414	403
414	484
414	490
414	495
415	167
415	213
415	269
415	315
415	332
415	395
415	431
415	450
416	389
416	421
416	461
416	469
416	491
416	492
416	493
416	495
417	137
417	188
417	211
417	227
417	240
417	300
417	366
417	411
417	462
418	72
418	101
418	142
418	190
418	277
418	304
418	368
418	437
418	439
419	63
419	200
419	209
419	344
419	444
419	449
419	467
419	474
419	489
420	62
420	179
420	402
420	428
420	445
420	471
420	477
420	478
420	481
421	124
421	160
421	340
421	364
421	372
421	376
421	400
421	416
421	436
422	122
422	163
422	186
422	297
422	303
422	333
422	343
422	387
422	464
423	7
423	44
423	215
423	239
423	255
423	319
423	377
423	424
423	486
424	50
424	162
424	215
424	377
424	382
424	423
424	455
424	486
424	495
425	170
425	229
425	276
425	300
425	375
425	391
425	454
425	468
425	499
426	40
426	73
426	134
426	386
426	390
426	435
426	472
426	482
426	494
427	180
427	258
427	269
427	307
427	353
427	369
427	380
427	440
427	473
428	248
428	369
428	402
428	420
428	456
428	471
428	477
428	478
428	481
429	38
429	110
429	132
429	140
429	259
429	288
429	316
429	325
429	397
430	260
430	374
430	446
430	461
430	469
430	491
430	492
430	493
430	495
431	18
431	213
431	232
431	339
431	358
431	360
431	382
431	415
431	439
432	102
432	207
432	216
432	244
432	249
432	335
432	367
432	412
432	476
433	27
433	51
433	145
433	194
433	298
433	322
433	331
433	454
433	468
434	323
434	396
434	438
434	456
434	471
434	477
434	478
434	481
434	494
435	198
435	306
435	323
435	355
435	386
435	426
435	472
435	490
435	494
436	187
436	214
436	233
436	413
436	421
436	441
436	460
436	488
436	497
437	260
437	277
437	283
437	304
437	320
437	348
437	418
437	439
437	448
438	31
438	388
438	434
438	445
438	456
438	471
438	477
438	478
438	481
439	17
439	49
439	142
439	260
439	304
439	348
439	418
439	431
439	437
439	452
440	268
440	427
440	452
440	480
440	485
440	496
441	67
441	154
441	193
441	263
441	436
441	450
441	463
441	479
441	498
441	500
442	25
442	249
442	303
442	335
442	363
442	378
442	402
442	412
442	453
442	476
443	3
443	89
443	97
443	286
443	299
443	375
443	383
443	398
443	407
443	472
444	131
444	176
444	200
444	247
444	253
444	344
444	419
444	474
444	485
444	489
445	362
445	396
445	420
445	438
445	456
445	471
445	477
445	478
445	481
445	488
446	59
446	238
446	430
446	461
446	469
446	487
446	491
446	492
446	493
446	495
447	39
447	85
447	123
447	199
447	282
447	299
447	375
447	405
447	410
447	411
447	496
448	175
448	206
448	241
448	338
448	375
448	382
448	383
448	437
448	451
448	473
448	496
449	83
449	150
449	192
449	205
449	253
449	295
449	301
449	373
449	419
449	474
449	489
450	109
450	184
450	210
450	339
450	353
450	358
450	395
450	404
450	415
450	441
450	478
451	228
451	247
451	278
451	314
451	352
451	385
451	409
451	448
451	459
451	475
451	482
452	100
452	255
452	302
452	342
452	345
452	439
452	440
452	480
452	485
452	487
452	496
453	114
453	216
453	220
453	249
453	257
453	363
453	367
453	378
453	412
453	442
453	476
454	36
454	276
454	321
454	327
454	354
454	425
454	433
454	470
454	479
454	487
454	499
455	28
455	66
455	148
455	173
455	228
455	250
455	265
455	337
455	377
455	424
455	486
456	396
456	428
456	434
456	438
456	445
456	457
456	467
456	471
456	477
456	478
456	481
457	74
457	127
457	149
457	160
457	225
457	359
457	364
457	376
457	400
457	456
457	483
458	46
458	172
458	192
458	287
458	293
458	327
458	365
458	368
458	467
458	468
458	470
459	272
459	278
459	330
459	346
459	352
459	393
459	409
459	451
459	466
459	475
459	482
459	490
460	12
460	104
460	119
460	187
460	246
460	312
460	374
460	413
460	436
460	488
460	497
460	500
461	197
461	334
461	342
461	389
461	416
461	430
461	446
461	469
461	491
461	492
461	493
461	495
462	93
462	126
462	198
462	199
462	211
462	221
462	227
462	240
462	300
462	366
462	417
462	471
463	98
463	212
463	294
463	309
463	326
463	347
463	441
463	469
463	479
463	480
463	482
463	498
463	500
464	122
464	207
464	223
464	303
464	329
464	333
464	336
464	343
464	384
464	387
464	422
464	483
464	497
465	54
465	70
465	133
465	236
465	248
465	256
465	261
465	264
465	341
465	356
465	365
465	371
465	466
466	20
466	23
466	54
466	69
466	158
466	179
466	248
466	261
466	341
466	356
466	371
466	459
466	465
466	478
467	57
467	292
467	313
467	354
467	365
467	391
467	419
467	456
467	458
467	468
467	470
467	472
467	487
467	499
468	56
468	76
468	262
468	293
468	365
468	368
468	385
468	425
468	433
468	458
468	467
468	470
468	487
468	499
469	1
469	99
469	175
469	251
469	306
469	416
469	430
469	446
469	461
469	463
469	491
469	492
469	493
469	495
470	21
470	44
470	117
470	211
470	292
470	354
470	385
470	454
470	458
470	467
470	468
470	471
470	487
470	499
471	396
471	402
471	420
471	428
471	434
471	438
471	445
471	456
471	462
471	470
471	477
471	478
471	481
471	491
472	2
472	13
472	94
472	111
472	285
472	306
472	355
472	386
472	390
472	426
472	435
472	443
472	467
472	494
473	43
473	46
473	59
473	60
473	225
473	242
473	284
473	383
473	398
473	408
473	410
473	411
473	427
473	448
473	499
474	21
474	63
474	81
474	83
474	232
474	285
474	301
474	344
474	373
474	379
474	383
474	419
474	444
474	449
474	489
475	78
475	161
475	204
475	278
475	314
475	330
475	346
475	352
475	393
475	400
475	409
475	451
475	459
475	482
475	484
476	25
476	61
476	110
476	114
476	146
476	182
476	195
476	216
476	315
476	363
476	367
476	378
476	412
476	432
476	442
476	453
477	45
477	90
477	140
477	143
477	245
477	296
477	402
477	420
477	428
477	434
477	438
477	445
477	456
477	471
477	478
477	481
477	498
478	47
478	90
478	245
478	296
478	396
478	402
478	420
478	428
478	434
478	438
478	445
478	450
478	456
478	466
478	471
478	477
478	481
479	4
479	67
479	171
479	188
479	263
479	271
479	294
479	309
479	318
479	326
479	347
479	386
479	441
479	454
479	463
479	486
479	498
479	500
480	30
480	96
480	98
480	147
480	164
480	183
480	205
480	297
480	302
480	310
480	342
480	345
480	440
480	452
480	463
480	485
480	490
480	494
480	496
481	19
481	23
481	42
481	45
481	143
481	217
481	283
481	296
481	396
481	402
481	420
481	428
481	434
481	438
481	445
481	456
481	471
481	477
481	478
482	10
482	28
482	161
482	204
482	209
482	228
482	247
482	267
482	272
482	330
482	346
482	388
482	393
482	409
482	426
482	451
482	459
482	463
482	475
483	42
483	52
483	106
483	124
483	130
483	149
483	178
483	198
483	225
483	256
483	340
483	359
483	364
483	372
483	376
483	400
483	457
483	464
483	489
484	6
484	37
484	55
484	80
484	107
484	120
484	174
484	202
484	234
484	279
484	311
484	317
484	394
484	401
484	403
484	414
484	475
484	490
484	493
484	497
485	11
485	53
485	88
485	100
485	159
485	183
485	205
485	226
485	297
485	302
485	310
485	312
485	342
485	345
485	440
485	444
485	452
485	480
485	496
485	499
486	7
486	66
486	82
486	87
486	126
486	127
486	150
486	162
486	203
486	215
486	250
486	266
486	337
486	344
486	357
486	377
486	423
486	424
486	455
486	479
487	18
487	57
487	113
487	135
487	197
487	229
487	230
487	262
487	274
487	293
487	313
487	385
487	391
487	446
487	452
487	454
487	467
487	468
487	470
487	497
487	499
488	58
488	155
488	169
488	187
488	190
488	195
488	196
488	214
488	233
488	246
488	252
488	312
488	328
488	345
488	395
488	413
488	436
488	445
488	460
488	492
488	497
489	8
489	30
489	34
489	65
489	108
489	131
489	165
489	176
489	192
489	253
489	285
489	289
489	295
489	344
489	379
489	380
489	410
489	419
489	444
489	449
489	474
489	483
490	3
490	55
490	64
490	80
490	107
490	120
490	157
490	174
490	202
490	234
490	279
490	311
490	317
490	394
490	401
490	403
490	414
490	435
490	459
490	480
490	484
490	496
491	81
491	92
491	153
491	185
491	222
491	251
491	268
491	319
491	350
491	374
491	385
491	389
491	390
491	416
491	430
491	446
491	461
491	469
491	471
491	492
491	493
491	495
492	32
492	35
492	48
492	92
492	112
492	185
492	254
492	308
492	319
492	334
492	350
492	374
492	390
492	393
492	416
492	430
492	446
492	461
492	469
492	488
492	491
492	493
492	495
493	24
493	95
493	156
493	238
493	254
493	268
493	270
493	308
493	319
493	334
493	341
493	350
493	374
493	376
493	389
493	416
493	430
493	446
493	461
493	469
493	484
493	491
493	492
493	495
494	2
494	13
494	40
494	91
494	94
494	111
494	115
494	134
494	144
494	166
494	217
494	222
494	224
494	306
494	323
494	355
494	356
494	386
494	389
494	390
494	426
494	434
494	435
494	472
494	480
495	1
495	24
495	99
495	109
495	133
495	185
495	222
495	251
495	254
495	270
495	308
495	334
495	350
495	366
495	374
495	389
495	414
495	416
495	424
495	430
495	446
495	461
495	469
495	491
495	492
495	493
496	26
496	38
496	53
496	71
496	78
496	86
496	96
496	147
496	164
496	183
496	184
496	226
496	255
496	270
496	297
496	302
496	310
496	342
496	345
496	440
496	447
496	448
496	452
496	480
496	485
496	490
497	29
497	48
497	58
497	95
497	104
497	119
497	121
497	153
497	155
497	169
497	190
497	195
497	196
497	208
497	214
497	218
497	233
497	246
497	252
497	312
497	413
497	436
497	460
497	464
497	484
497	487
497	488
498	9
498	15
498	41
498	77
498	138
498	141
498	152
498	193
498	212
498	218
498	230
498	243
498	257
498	263
498	271
498	272
498	294
498	309
498	318
498	326
498	347
498	350
498	413
498	441
498	463
498	477
498	479
498	500
499	6
499	36
499	56
499	103
499	135
499	170
499	244
499	262
499	274
499	276
499	286
499	287
499	293
499	313
499	327
499	354
499	365
499	368
499	384
499	391
499	398
499	425
499	454
499	467
499	468
499	470
499	473
499	485
499	487
500	4
500	9
500	41
500	73
500	77
500	102
500	141
500	148
500	152
500	171
500	188
500	193
500	212
500	218
500	224
500	257
500	259
500	271
500	294
500	309
500	318
500	326
500	340
500	347
500	441
500	460
500	463
500	479
500	498
