1	105
1	497
2	479
2	494
3	475
3	486
4	41
4	494
5	38
5	387
6	84
6	500
7	290
7	484
8	33
8	425
9	330
9	466
10	451
10	500
11	466
11	492
12	29
12	476
13	167
13	464
14	290
14	430
15	371
15	431
16	174
16	450
17	471
17	479
18	444
18	500
19	432
19	435
20	233
20	451
21	271
21	458
22	425
22	491
23	478
23	497
24	408
24	491
25	244
25	296
26	485
26	490
27	307
27	454
28	447
28	498
29	12
29	499
30	488
30	497
31	368
31	442
32	460
32	499
33	8
33	401
34	481
34	499
35	450
35	486
36	493
36	498
37	260
37	469
38	5
38	467
39	477
39	485
40	451
40	500
41	4
41	284
42	482
42	493
43	438
43	476
44	387
44	500
45	485
45	490
46	257
46	324
47	440
47	491
48	390
48	406
49	323
49	377
50	272
50	389
51	372
51	399
52	481
52	499
53	211
53	499
54	131
54	249
55	332
55	406
56	473
56	491
57	474
57	491
58	471
58	499
59	382
59	499
60	414
60	455
61	408
61	494
62	269
62	430
63	424
63	496
64	478
64	486
65	493
65	498
66	482
66	489
67	305
67	425
68	489
68	498
69	238
69	472
70	337
70	473
71	293
71	500
72	419
72	497
73	446
73	467
74	473
74	500
75	413
75	433
76	104
76	416
77	255
77	310
78	309
78	465
79	273
79	325
80	330
80	490
81	298
81	484
82	459
82	489
83	493
83	498
84	6
84	179
85	458
85	499
86	452
86	483
87	419
87	488
88	200
88	494
89	259
89	500
90	422
90	490
91	485
91	490
92	300
92	303
93	416
93	425
94	427
94	486
95	215
95	289
96	187
96	393
97	462
97	468
98	474
98	491
99	181
99	333
100	402
100	418
101	381
101	470
102	172
102	460
103	302
103	363
104	76
104	252
105	1
105	500
106	414
106	468
107	118
107	410
108	455
108	471
109	308
109	360
110	335
110	460
111	354
111	463
112	188
112	498
113	436
113	476
114	373
114	442
115	274
115	410
116	362
116	376
117	340
117	464
118	107
118	126
119	245
119	435
120	398
120	400
121	488
121	497
122	273
122	463
123	413
123	445
124	358
124	420
125	444
125	500
126	118
126	491
127	420
127	484
128	449
128	495
129	370
129	456
130	204
130	422
131	54
131	478
132	257
132	433
133	402
133	463
134	192
134	418
135	471
135	489
136	174
136	432
137	335
137	445
138	459
138	464
139	441
139	496
140	291
140	442
141	323
141	473
142	476
142	500
143	433
143	473
144	403
144	428
145	485
145	490
146	436
146	496
147	488
147	497
148	462
148	468
149	179
149	319
150	448
150	469
151	468
151	500
152	316
152	405
153	217
153	467
154	495
154	496
155	443
155	496
156	478
156	486
157	472
157	484
158	268
158	373
159	431
159	461
160	455
160	480
161	469
161	495
162	404
162	484
163	459
163	464
164	445
164	472
165	294
165	410
166	262
166	467
167	13
167	364
168	338
168	463
169	462
169	468
170	455
170	472
171	462
171	468
172	102
172	404
173	371
173	454
174	16
174	136
175	224
175	235
176	226
176	442
177	432
177	434
178	368
178	453
179	84
179	149
180	317
180	491
181	99
181	430
182	190
182	404
183	462
183	468
184	479
184	482
185	485
185	490
186	474
186	491
187	96
187	481
188	112
188	455
189	191
189	381
190	182
190	479
191	189
191	496
192	134
192	457
193	305
193	365
194	483
194	488
195	405
195	468
196	475
196	478
197	324
197	482
198	495
198	496
199	456
199	484
200	88
200	467
201	477
201	480
202	453
202	471
203	214
203	294
204	130
204	474
205	418
205	498
206	406
206	430
207	359
207	429
207	499
208	479
208	487
208	493
209	359
209	465
209	499
210	235
210	458
210	484
211	53
211	366
211	441
212	420
212	489
212	493
213	230
213	365
213	470
214	203
214	333
214	377
215	95
215	454
215	461
216	243
216	396
216	463
217	153
217	467
217	486
218	426
218	469
218	497
219	379
219	467
219	492
220	444
220	485
220	490
221	380
221	406
221	430
222	462
222	468
222	477
223	226
223	366
223	442
224	175
224	458
224	484
225	276
225	320
225	329
226	176
226	223
226	484
227	385
227	481
227	499
228	405
228	461
228	494
229	417
229	462
229	468
230	213
230	470
230	482
231	437
231	495
231	496
232	456
232	460
232	484
233	20
233	271
233	456
234	353
234	448
234	475
235	175
235	210
235	420
236	421
236	483
236	497
237	302
237	439
237	498
238	69
238	403
238	469
239	339
239	374
239	461
240	449
240	466
240	492
241	423
241	447
241	477
242	431
242	461
242	470
243	216
243	409
243	483
244	25
244	377
244	497
245	119
245	373
245	442
246	437
246	495
246	500
247	441
247	495
247	496
248	427
248	475
248	486
249	54
249	254
249	496
250	312
250	441
250	449
251	370
251	421
251	497
252	104
252	434
252	435
253	424
253	466
253	500
254	249
254	482
254	498
255	77
255	467
255	495
256	320
256	481
256	499
257	46
257	132
257	463
258	387
258	441
258	492
259	89
259	434
259	435
260	37
260	328
260	446
261	420
261	459
261	464
262	166
262	446
262	467
263	384
263	453
263	471
264	306
264	485
264	490
265	319
265	440
265	480
266	465
266	492
266	500
267	414
267	447
267	477
268	158
268	442
268	474
269	62
269	333
269	410
270	381
270	477
270	480
271	21
271	233
271	484
272	50
272	401
272	460
273	79
273	122
273	287
274	115
274	371
274	454
275	310
275	419
275	446
276	225
276	375
276	392
277	380
277	413
277	445
278	488
278	493
278	497
279	474
279	482
279	489
280	320
280	464
280	499
281	417
281	433
281	468
282	450
282	462
282	469
283	440
283	442
283	473
284	41
284	304
284	459
285	422
285	474
285	496
286	334
286	407
286	464
287	273
287	440
287	473
288	290
288	357
288	484
289	95
289	308
289	495
290	7
290	14
290	288
290	458
291	140
291	303
291	400
291	431
292	355
292	441
292	481
292	499
293	71
293	450
293	469
293	486
294	165
294	203
294	406
294	430
295	395
295	438
295	452
295	499
296	25
296	323
296	440
296	473
297	409
297	483
297	488
297	497
298	81
298	415
298	458
298	481
299	374
299	431
299	461
299	491
300	92
300	361
300	454
300	470
301	384
301	415
301	458
301	460
302	103
302	237
302	392
302	472
303	92
303	291
303	400
303	462
304	284
304	459
304	464
304	469
305	67
305	193
305	416
305	425
306	264
306	354
306	402
306	418
307	27
307	430
307	454
307	470
308	109
308	289
308	352
308	473
309	78
309	485
309	487
309	490
310	77
310	275
310	379
310	446
311	421
311	455
311	477
311	480
312	250
312	375
312	455
312	477
313	321
313	481
313	495
313	499
314	401
314	412
314	474
314	491
315	408
315	454
315	465
315	492
316	152
316	348
316	365
316	431
317	180
317	428
317	474
317	491
318	465
318	476
318	497
318	500
319	149
319	265
319	377
319	473
320	225
320	256
320	280
320	470
321	313
321	429
321	481
321	499
322	357
322	394
322	443
322	495
323	49
323	141
323	296
323	496
324	46
324	197
324	494
324	498
325	79
325	360
325	443
325	473
326	334
326	372
326	416
326	425
327	376
327	433
327	445
327	453
328	260
328	379
328	446
328	467
329	225
329	461
329	470
329	493
330	9
330	80
330	396
330	463
331	366
331	424
331	449
331	456
332	55
332	400
332	405
332	470
333	99
333	214
333	269
333	497
334	286
334	326
334	459
334	464
335	110
335	137
335	453
335	471
336	423
336	493
336	494
336	498
337	70
337	440
337	460
337	473
338	168
338	483
338	488
338	497
339	239
339	438
339	481
339	499
340	117
340	347
340	464
340	492
341	439
341	479
341	493
341	494
342	398
342	454
342	472
342	480
343	349
343	390
343	483
343	497
344	482
344	489
344	494
344	498
345	457
345	485
345	487
345	490
346	384
346	453
346	457
346	471
347	340
347	459
347	464
347	479
348	316
348	466
348	492
348	500
349	343
349	412
349	474
349	491
350	388
350	454
350	470
350	492
351	414
351	432
351	477
351	480
352	308
352	475
352	478
352	486
353	234
353	439
353	493
353	494
354	111
354	306
354	395
354	463
355	292
355	438
355	475
355	499
356	409
356	452
356	483
356	497
357	288
357	322
357	449
357	495
357	496
358	124
358	382
358	384
358	453
358	471
359	207
359	209
359	386
359	429
359	499
360	109
360	325
360	377
360	452
360	473
361	300
361	419
361	452
361	488
361	497
362	116
362	444
362	451
362	483
362	492
363	103
363	440
363	472
363	477
363	480
364	167
364	389
364	427
364	432
364	434
365	193
365	213
365	316
365	374
365	482
366	211
366	223
366	331
366	495
366	496
367	378
367	424
367	449
367	460
367	495
368	31
368	178
368	382
368	453
368	471
369	380
369	413
369	433
369	445
369	463
370	129
370	251
370	456
370	458
370	484
371	15
371	173
371	274
371	405
371	496
372	51
372	326
372	410
372	425
372	434
373	114
373	158
373	245
373	429
373	442
374	239
374	299
374	365
374	388
374	416
375	276
375	312
375	447
375	480
375	486
376	116
376	327
376	413
376	433
376	445
377	49
377	214
377	244
377	319
377	360
378	367
378	436
378	443
378	495
378	496
379	219
379	310
379	328
379	446
379	488
380	221
380	277
380	369
380	433
380	445
381	101
381	189
381	270
381	449
381	496
382	59
382	358
382	368
382	453
382	471
383	403
383	448
383	475
383	477
383	478
384	263
384	301
384	346
384	358
384	471
385	227
385	389
385	395
385	481
385	499
386	359
386	392
386	414
386	472
386	480
386	488
387	5
387	44
387	258
387	438
387	492
387	500
388	350
388	374
388	400
388	405
388	468
388	470
389	50
389	364
389	385
389	432
389	434
389	435
390	48
390	343
390	421
390	426
390	488
390	497
391	399
391	412
391	428
391	474
391	491
391	493
392	276
392	302
392	386
392	447
392	450
392	480
393	96
393	411
393	457
393	485
393	487
393	490
394	322
394	404
394	482
394	489
394	494
394	498
395	295
395	354
395	385
395	429
395	438
395	499
396	216
396	330
396	402
396	418
396	463
396	500
397	413
397	479
397	489
397	493
397	494
397	498
398	120
398	342
398	426
398	447
398	477
398	480
399	51
399	391
399	428
399	474
399	479
399	491
400	120
400	291
400	303
400	332
400	388
400	454
401	33
401	272
401	314
401	415
401	460
401	484
402	100
402	133
402	306
402	396
402	418
402	463
403	144
403	238
403	383
403	469
403	475
403	478
403	500
404	162
404	172
404	182
404	394
404	430
404	456
404	484
405	152
405	195
405	228
405	332
405	371
405	388
405	483
406	48
406	55
406	206
406	221
406	294
406	410
406	478
407	286
407	476
407	482
407	489
407	493
407	494
407	498
408	24
408	61
408	315
408	451
408	476
408	492
408	500
409	243
409	297
409	356
409	446
409	452
409	483
409	488
410	107
410	115
410	165
410	269
410	372
410	406
410	430
411	393
411	422
411	448
411	457
411	485
411	487
411	490
412	314
412	349
412	391
412	428
412	474
412	489
412	491
413	75
413	123
413	277
413	369
413	376
413	397
413	445
414	60
414	106
414	267
414	351
414	386
414	455
414	477
415	298
415	301
415	401
415	456
415	458
415	475
415	499
416	76
416	93
416	305
416	326
416	374
416	425
416	434
417	229
417	281
417	421
417	462
417	468
418	100
418	134
418	205
418	306
418	396
418	402
418	463
419	72
419	87
419	275
419	361
419	452
419	483
419	497
420	124
420	127
420	212
420	235
420	261
420	458
420	460
420	484
421	236
421	251
421	311
421	390
421	417
421	452
421	488
421	497
422	90
422	130
422	285
422	411
422	424
422	443
422	449
422	495
423	241
423	336
423	460
423	479
423	482
423	489
423	493
423	498
424	63
424	253
424	331
424	367
424	422
424	437
424	454
424	495
425	8
425	22
425	67
425	93
425	305
425	326
425	372
425	416
426	218
426	390
426	398
426	452
426	483
426	488
426	495
426	497
427	94
427	248
427	364
427	429
427	448
427	475
427	478
427	486
428	144
428	317
428	391
428	399
428	412
428	474
428	487
428	491
429	207
429	321
429	359
429	373
429	395
429	427
429	438
429	481
429	499
430	14
430	62
430	181
430	206
430	221
430	294
430	307
430	404
430	410
431	15
431	159
431	242
431	291
431	299
431	316
431	440
431	444
431	461
432	19
432	136
432	177
432	351
432	364
432	389
432	434
432	435
432	494
433	75
433	132
433	143
433	281
433	327
433	369
433	376
433	380
433	461
434	177
434	252
434	259
434	364
434	372
434	389
434	416
434	432
434	435
435	19
435	119
435	252
435	259
435	389
435	432
435	434
435	448
435	498
436	113
436	146
436	378
436	444
436	451
436	465
436	476
436	492
436	500
437	231
437	246
437	424
437	441
437	443
437	449
437	456
437	495
437	496
438	43
438	295
438	339
438	355
438	387
438	395
438	429
438	481
438	499
439	237
439	341
439	353
439	488
439	489
439	493
439	494
439	498
439	499
440	47
440	265
440	283
440	287
440	296
440	337
440	363
440	431
440	473
441	139
441	211
441	247
441	250
441	258
441	292
441	437
441	443
441	495
442	31
442	114
442	140
442	176
442	223
442	245
442	268
442	283
442	373
442	499
443	155
443	322
443	325
443	378
443	422
443	437
443	441
443	446
443	495
443	496
444	18
444	125
444	220
444	362
444	431
444	436
444	465
444	466
444	492
444	500
445	123
445	137
445	164
445	277
445	327
445	369
445	376
445	380
445	413
445	485
446	73
446	260
446	262
446	275
446	310
446	328
446	379
446	409
446	443
446	467
447	28
447	241
447	267
447	375
447	392
447	398
447	455
447	472
447	480
447	490
448	150
448	234
448	383
448	411
448	427
448	435
448	450
448	469
448	478
448	480
448	486
449	128
449	240
449	250
449	331
449	357
449	367
449	381
449	422
449	437
449	483
449	496
450	16
450	35
450	282
450	293
450	392
450	448
450	469
450	471
450	475
450	478
450	486
451	10
451	20
451	40
451	362
451	408
451	436
451	466
451	476
451	481
451	492
451	500
452	86
452	295
452	356
452	360
452	361
452	409
452	419
452	421
452	426
452	483
452	497
453	178
453	202
453	263
453	327
453	335
453	346
453	358
453	368
453	382
453	471
453	496
454	27
454	173
454	215
454	274
454	300
454	307
454	315
454	342
454	350
454	400
454	424
454	470
455	60
455	108
455	160
455	170
455	188
455	311
455	312
455	414
455	447
455	464
455	472
455	477
456	129
456	199
456	232
456	233
456	331
456	370
456	404
456	415
456	437
456	458
456	460
456	484
457	192
457	345
457	346
457	393
457	411
457	485
457	487
457	490
458	21
458	85
458	210
458	224
458	290
458	298
458	301
458	370
458	415
458	420
458	456
458	479
459	82
459	138
459	163
459	261
459	284
459	304
459	334
459	347
459	462
459	464
459	490
459	497
460	32
460	102
460	110
460	232
460	272
460	301
460	337
460	367
460	401
460	420
460	423
460	456
461	159
461	215
461	228
461	239
461	242
461	299
461	329
461	431
461	433
461	470
461	481
461	492
462	97
462	148
462	169
462	171
462	183
462	222
462	229
462	282
462	303
462	417
462	459
462	468
463	111
463	122
463	133
463	168
463	216
463	257
463	330
463	354
463	369
463	396
463	402
463	418
463	465
464	13
464	117
464	138
464	163
464	261
464	280
464	286
464	304
464	334
464	340
464	347
464	455
464	459
465	78
465	209
465	266
465	315
465	318
465	436
465	444
465	463
465	466
465	476
465	481
465	492
465	500
466	9
466	11
466	240
466	253
466	348
466	444
466	451
466	465
466	467
466	476
466	489
466	492
466	500
467	38
467	73
467	153
467	166
467	200
467	217
467	219
467	255
467	262
467	328
467	446
467	466
467	498
468	97
468	106
468	148
468	151
468	169
468	171
468	183
468	195
468	222
468	229
468	281
468	388
468	417
468	462
469	37
469	150
469	161
469	218
469	238
469	282
469	293
469	304
469	403
469	448
469	450
469	475
469	478
469	486
470	101
470	213
470	230
470	242
470	300
470	307
470	320
470	329
470	332
470	350
470	388
470	454
470	461
470	482
471	17
471	58
471	108
471	135
471	202
471	263
471	335
471	346
471	358
471	368
471	382
471	384
471	450
471	453
472	69
472	157
472	164
472	170
472	302
472	342
472	363
472	386
472	447
472	455
472	476
472	477
472	480
472	498
473	56
473	70
473	74
473	141
473	143
473	283
473	287
473	296
473	308
473	319
473	325
473	337
473	360
473	440
474	57
474	98
474	186
474	204
474	268
474	279
474	285
474	314
474	317
474	349
474	391
474	399
474	412
474	428
474	491
475	3
475	196
475	234
475	248
475	352
475	355
475	383
475	403
475	415
475	427
475	450
475	469
475	478
475	486
475	496
476	12
476	43
476	113
476	142
476	318
476	407
476	408
476	436
476	451
476	465
476	466
476	472
476	492
476	494
476	500
477	39
477	201
477	222
477	241
477	267
477	270
477	311
477	312
477	351
477	363
477	383
477	398
477	414
477	455
477	472
477	490
478	23
478	64
478	131
478	156
478	196
478	352
478	383
478	403
478	406
478	427
478	448
478	450
478	469
478	475
478	486
478	492
479	2
479	17
479	184
479	190
479	208
479	341
479	347
479	397
479	399
479	423
479	458
479	482
479	489
479	493
479	494
479	498
480	160
480	201
480	265
480	270
480	311
480	342
480	351
480	363
480	375
480	386
480	392
480	398
480	447
480	448
480	472
480	487
481	34
481	52
481	187
481	227
481	256
481	292
481	298
481	313
481	321
481	339
481	385
481	429
481	438
481	451
481	461
481	465
481	499
482	42
482	66
482	184
482	197
482	230
482	254
482	279
482	344
482	365
482	394
482	407
482	423
482	470
482	479
482	489
482	494
482	498
483	86
483	194
483	236
483	243
483	297
483	338
483	343
483	356
483	362
483	405
483	409
483	419
483	426
483	449
483	452
483	488
483	497
484	7
484	81
484	127
484	157
484	162
484	199
484	210
484	224
484	226
484	232
484	271
484	288
484	370
484	401
484	404
484	420
484	456
485	26
485	39
485	45
485	91
485	145
485	185
485	220
485	264
485	309
485	345
485	393
485	411
485	445
485	457
485	486
485	487
485	490
486	3
486	35
486	64
486	94
486	156
486	217
486	248
486	293
486	352
486	375
486	427
486	448
486	450
486	469
486	475
486	478
486	485
486	493
487	208
487	309
487	345
487	393
487	411
487	428
487	457
487	480
487	485
487	488
487	490
488	30
488	87
488	121
488	147
488	194
488	278
488	297
488	338
488	361
488	379
488	386
488	390
488	409
488	421
488	426
488	439
488	483
488	487
488	497
489	66
489	68
489	82
489	135
489	212
489	279
489	344
489	394
489	397
489	407
489	412
489	423
489	439
489	466
489	479
489	482
489	493
489	494
489	498
490	26
490	45
490	80
490	90
490	91
490	145
490	185
490	220
490	264
490	309
490	345
490	393
490	411
490	447
490	457
490	459
490	477
490	485
490	487
491	22
491	24
491	47
491	56
491	57
491	98
491	126
491	180
491	186
491	299
491	314
491	317
491	349
491	391
491	399
491	412
491	428
491	474
491	497
491	498
492	11
492	219
492	240
492	258
492	266
492	315
492	340
492	348
492	350
492	362
492	387
492	408
492	436
492	444
492	451
492	461
492	465
492	466
492	476
492	478
492	500
493	36
493	42
493	65
493	83
493	208
493	212
493	278
493	329
493	336
493	341
493	353
493	391
493	397
493	407
493	423
493	439
493	479
493	486
493	489
493	494
493	498
494	2
494	4
494	61
494	88
494	228
494	324
494	336
494	341
494	344
494	353
494	394
494	397
494	407
494	432
494	439
494	476
494	479
494	482
494	489
494	493
494	498
495	128
495	154
495	161
495	198
495	231
495	246
495	247
495	255
495	289
495	313
495	322
495	357
495	366
495	367
495	378
495	422
495	424
495	426
495	437
495	441
495	443
495	500
496	63
496	139
496	146
496	154
496	155
496	191
496	198
496	231
496	247
496	249
496	285
496	323
496	357
496	366
496	371
496	378
496	381
496	437
496	443
496	449
496	453
496	475
496	498
497	1
497	23
497	30
497	72
497	121
497	147
497	218
497	236
497	244
497	251
497	278
497	297
497	318
497	333
497	338
497	343
497	356
497	361
497	390
497	419
497	421
497	426
497	452
497	459
497	483
497	488
497	491
498	28
498	36
498	65
498	68
498	83
498	112
498	205
498	237
498	254
498	324
498	336
498	344
498	394
498	397
498	407
498	423
498	435
498	439
498	467
498	472
498	479
498	482
498	489
498	491
498	493
498	494
498	496
498	499
499	29
499	32
499	34
499	52
499	53
499	58
499	59
499	85
499	207
499	209
499	227
499	256
499	280
499	292
499	295
499	313
499	321
499	339
499	355
499	359
499	385
499	395
499	415
499	429
499	438
499	439
499	442
499	481
499	498
500	6
500	10
500	18
500	40
500	44
500	71
500	74
500	89
500	105
500	125
500	142
500	151
500	246
500	253
500	266
500	318
500	348
500	387
500	396
500	403
500	408
500	436
500	444
500	451
500	465
500	466
500	476
500	492
500	495
