1	468
1	504
1	771
2	239
2	526
2	677
3	138
3	404
3	993
4	898
4	969
4	983
5	909
5	968
5	988
6	332
6	903
6	957
7	245
7	827
7	927
8	274
8	593
8	974
9	350
9	576
9	932
10	385
10	672
10	992
11	608
11	667
11	961
12	334
12	847
12	976
13	192
13	873
13	894
14	568
14	712
14	759
15	585
15	805
15	910
16	536
16	851
16	970
17	503
17	813
17	924
18	168
18	840
18	971
19	228
19	599
19	839
20	638
20	655
20	769
21	209
21	234
21	702
22	822
22	888
22	977
23	305
23	688
23	729
24	949
24	985
24	993
25	411
25	478
25	749
26	892
26	947
26	993
27	393
27	441
27	486
28	758
28	817
28	857
29	124
29	592
29	1000
30	738
30	899
30	908
31	572
31	731
31	985
32	412
32	553
32	983
33	512
33	579
33	774
34	552
34	806
34	810
35	287
35	774
35	944
36	289
36	880
36	1000
37	103
37	227
37	1000
38	186
38	537
38	992
39	373
39	736
39	966
40	562
40	738
40	941
41	82
41	771
41	809
42	684
42	888
42	949
43	144
43	376
43	441
44	551
44	650
44	740
45	94
45	593
45	653
46	326
46	583
46	936
47	504
47	973
47	996
48	275
48	927
48	949
49	656
49	771
49	993
50	545
50	602
50	607
51	357
51	786
51	982
52	108
52	630
52	970
53	681
53	835
53	904
54	395
54	843
54	914
55	606
55	905
55	944
56	543
56	639
56	971
57	556
57	634
57	972
58	406
58	978
58	990
59	360
59	424
59	760
60	704
60	953
60	981
61	794
61	937
61	951
62	306
62	381
62	987
63	365
63	909
63	995
64	806
64	820
64	895
65	280
65	921
65	949
66	610
66	914
66	976
67	559
67	804
67	906
68	744
68	973
68	998
69	793
69	955
69	981
70	808
70	936
70	986
71	198
71	629
71	770
72	501
72	569
72	943
73	400
73	871
73	978
74	167
74	513
74	904
75	320
75	911
75	962
76	243
76	369
76	972
77	558
77	877
77	952
78	359
78	831
78	949
79	125
79	586
79	802
80	459
80	639
80	919
81	93
81	918
81	927
82	41
82	516
82	950
83	260
83	372
83	963
84	272
84	824
84	933
85	888
85	929
85	998
86	639
86	896
86	938
87	222
87	505
87	931
88	236
88	297
88	843
89	538
89	858
89	976
90	414
90	431
90	894
91	779
91	881
91	988
92	195
92	483
92	615
93	81
93	133
93	918
94	45
94	652
94	866
95	98
95	673
95	989
96	638
96	917
96	987
97	710
97	895
97	958
98	95
98	831
98	907
99	335
99	884
99	912
100	899
100	958
100	999
101	370
101	921
101	927
102	253
102	591
102	812
103	37
103	832
103	972
104	309
104	649
104	904
105	862
105	870
105	970
106	263
106	841
106	852
107	662
107	815
107	926
108	52
108	537
108	874
109	956
109	980
109	999
110	723
110	986
110	989
111	539
111	999
111	1000
112	157
112	939
112	984
113	367
113	496
113	861
114	662
114	801
114	929
115	436
115	513
115	864
116	344
116	363
116	684
117	934
117	965
117	998
118	474
118	873
118	904
119	347
119	501
119	977
120	356
120	506
120	799
121	666
121	882
121	933
122	534
122	982
122	1000
123	571
123	762
123	886
124	29
124	736
124	832
125	79
125	696
125	1000
126	687
126	693
126	729
127	617
127	723
127	989
128	151
128	371
128	818
129	310
129	576
129	741
130	144
130	212
130	356
131	272
131	539
131	608
132	724
132	902
132	987
133	93
133	891
133	993
134	212
134	890
134	937
135	174
135	292
135	636
136	722
136	959
136	973
137	557
137	688
137	950
138	3
138	631
138	983
139	734
139	918
139	984
140	186
140	520
140	992
141	903
141	957
141	963
142	316
142	928
142	999
143	605
143	649
143	904
144	43
144	130
144	575
145	297
145	566
145	963
146	709
146	834
146	910
147	591
147	612
147	750
148	939
148	946
148	986
149	293
149	524
149	804
150	582
150	735
150	996
151	128
151	567
151	991
152	304
152	782
152	847
153	299
153	492
153	627
154	822
154	957
154	963
155	180
155	360
155	927
156	756
156	934
156	965
157	112
157	372
157	959
158	790
158	994
158	995
159	689
159	900
159	992
160	928
160	997
160	999
161	377
161	948
161	954
162	487
162	750
162	907
163	509
163	863
163	948
164	531
164	685
164	755
165	546
165	721
165	846
166	204
166	517
166	803
167	74
167	559
167	620
168	18
168	368
168	964
169	291
169	510
169	910
170	305
170	391
170	473
171	526
171	655
171	799
172	881
172	882
172	988
173	280
173	343
173	918
174	135
174	292
174	660
175	302
175	401
175	902
176	455
176	534
176	617
177	692
177	766
177	993
178	668
178	980
178	994
179	326
179	776
179	930
180	155
180	528
180	582
181	634
181	789
181	900
182	919
182	955
182	961
183	881
183	910
183	988
184	892
184	916
184	969
185	494
185	712
185	933
186	38
186	140
186	197
187	789
187	895
187	956
188	190
188	422
188	953
189	779
189	828
189	978
190	188
190	677
190	761
191	844
191	915
191	931
192	13
192	935
192	985
193	433
193	614
193	956
194	555
194	606
194	861
195	92
195	965
195	998
196	284
196	796
196	829
197	186
197	524
197	864
198	71
198	941
198	969
199	582
199	672
199	992
200	701
200	868
200	922
201	654
201	724
201	858
202	550
202	840
202	962
203	510
203	696
203	910
204	166
204	841
204	913
205	449
205	534
205	852
206	383
206	607
206	777
207	413
207	825
207	930
208	674
208	962
208	996
209	21
209	636
209	995
210	766
210	894
210	937
211	684
211	775
211	921
212	130
212	134
212	951
213	394
213	517
213	841
214	274
214	432
214	523
215	377
215	756
215	847
216	705
216	806
216	977
217	701
217	939
217	942
218	535
218	910
218	988
219	849
219	908
219	999
220	273
220	410
220	821
221	675
221	864
221	906
222	87
222	604
222	714
223	454
223	742
223	843
224	445
224	908
224	992
225	836
225	959
225	996
226	271
226	366
226	402
227	37
227	345
227	696
228	19
228	532
228	839
229	593
229	687
229	753
230	936
230	986
230	989
231	621
231	843
231	915
232	445
232	670
232	992
233	331
233	701
233	920
234	21
234	956
234	958
235	833
235	877
235	917
236	88
236	566
236	813
237	436
237	717
237	943
238	479
238	876
238	946
239	2
239	675
239	864
240	937
240	972
240	993
241	574
241	621
241	661
242	443
242	454
242	914
243	76
243	848
243	965
244	451
244	495
244	794
245	7
245	310
245	873
246	872
246	978
246	990
247	333
247	900
247	972
248	735
248	790
248	959
249	734
249	749
249	941
250	688
250	953
250	972
251	262
251	325
251	557
252	538
252	763
252	883
253	102
253	277
253	964
254	681
254	896
254	898
255	455
255	643
255	881
256	769
256	833
256	987
257	426
257	592
257	1000
258	674
258	973
258	996
259	336
259	583
259	990
260	83
260	527
260	831
261	362
261	586
261	772
262	251
262	363
262	746
263	106
263	272
263	821
264	442
264	764
264	878
265	637
265	650
265	694
266	801
266	855
266	977
267	872
267	978
267	990
268	323
268	630
268	970
269	587
269	741
269	846
270	818
270	910
270	988
271	226
271	699
271	932
272	84
272	131
272	263
273	220
273	475
273	523
274	8
274	214
274	321
275	48
275	430
275	921
276	850
276	853
276	905
277	253
277	447
277	964
278	419
278	666
278	683
279	472
279	543
279	567
280	65
280	173
280	734
281	379
281	540
281	691
282	642
282	660
282	792
283	383
283	926
283	979
284	196
284	897
284	997
285	985
285	992
285	993
286	833
286	928
286	958
287	35
287	444
287	727
288	465
288	764
288	804
289	36
289	772
289	1000
290	480
290	870
290	970
291	169
291	759
291	988
292	135
292	174
292	611
293	149
293	358
293	604
294	718
294	837
294	860
295	717
295	727
295	817
296	429
296	956
296	980
297	88
297	145
297	915
298	327
298	534
298	887
299	153
299	862
299	983
300	932
300	933
300	953
301	382
301	566
301	935
302	175
302	477
302	880
303	629
303	847
303	983
304	152
304	737
304	976
305	23
305	170
305	729
306	62
306	368
306	975
307	658
307	961
307	981
308	619
308	757
308	875
309	104
309	381
309	420
310	129
310	245
310	884
311	710
311	814
311	999
312	449
312	839
312	856
313	574
313	587
313	818
314	392
314	446
314	728
315	564
315	695
315	972
316	142
316	647
316	999
317	473
317	532
317	626
318	357
318	464
318	539
319	647
319	681
319	883
320	75
320	708
320	910
320	988
321	274
321	492
321	530
321	852
322	404
322	766
322	888
322	985
323	268
323	630
323	813
323	903
324	693
324	955
324	964
324	981
325	251
325	648
325	797
325	963
326	46
326	179
326	339
326	991
327	298
327	655
327	877
327	975
328	685
328	917
328	934
328	962
329	387
329	737
329	863
329	952
330	413
330	653
330	850
330	903
331	233
331	733
331	920
331	969
332	6
332	707
332	822
332	850
333	247
333	485
333	689
333	972
334	12
334	954
334	976
334	981
335	99
335	663
335	747
335	912
336	259
336	828
336	909
336	978
337	530
337	702
337	867
337	879
338	425
338	743
338	806
338	869
339	326
339	543
339	666
339	902
340	518
340	644
340	861
340	944
341	923
341	951
341	966
341	985
342	749
342	756
342	865
342	940
343	173
343	648
343	778
343	869
344	116
344	346
344	405
344	773
345	227
345	498
345	810
345	977
346	344
346	703
346	949
346	993
347	119
347	864
347	906
347	943
348	876
348	890
348	938
348	960
349	455
349	939
349	942
349	984
350	9
350	542
350	603
350	992
351	799
351	829
351	984
351	997
352	541
352	718
352	877
352	910
353	487
353	517
353	798
353	890
354	549
354	673
354	748
354	898
355	524
355	546
355	604
355	906
356	120
356	130
356	842
356	951
357	51
357	318
357	912
357	982
358	293
358	524
358	618
358	632
359	78
359	669
359	798
359	876
360	59
360	155
360	468
360	657
361	380
361	616
361	671
361	974
362	261
362	691
362	802
362	1000
363	116
363	262
363	845
363	903
364	766
364	818
364	915
364	931
365	63
365	968
365	994
365	995
366	226
366	711
366	872
366	930
367	113
367	789
367	980
367	995
368	168
368	306
368	923
368	975
369	76
369	410
369	669
369	848
370	101
370	845
370	905
370	957
371	128
371	742
371	854
371	931
372	83
372	157
372	973
372	996
373	39
373	865
373	928
373	976
374	522
374	725
374	733
374	984
375	657
375	685
375	734
375	949
376	43
376	535
376	910
376	988
377	161
377	215
377	411
377	514
378	760
378	801
378	869
378	888
379	281
379	540
379	780
379	985
380	361
380	846
380	866
380	974
381	62
381	309
381	894
381	935
382	301
382	835
382	935
382	967
383	206
383	283
383	501
383	819
384	390
384	571
384	905
384	912
385	10
385	603
385	742
385	992
386	395
386	897
386	901
386	915
387	329
387	865
387	934
387	976
388	410
388	634
388	848
388	900
389	688
389	689
389	736
389	896
390	384
390	853
390	905
390	913
391	170
391	435
391	648
391	929
392	314
392	451
392	625
392	753
393	27
393	726
393	844
393	880
394	213
394	801
394	839
394	852
395	54
395	386
395	779
395	994
396	470
396	711
396	828
396	990
397	711
397	919
397	961
397	981
398	437
398	669
398	950
398	972
399	596
399	722
399	825
399	994
400	73
400	784
400	978
400	990
401	175
401	845
401	850
401	886
402	226
402	808
402	872
402	990
403	690
403	829
403	889
403	986
404	3
404	322
404	848
404	985
405	344
405	927
405	939
405	949
406	58
406	754
406	758
406	875
407	746
407	881
407	918
407	988
408	858
408	917
408	975
408	987
409	577
409	659
409	746
409	969
410	220
410	369
410	388
410	950
411	25
411	377
411	901
411	948
412	32
412	920
412	936
412	983
413	207
413	330
413	784
413	838
414	90
414	606
414	894
414	935
415	456
415	670
415	752
415	922
416	814
416	913
416	958
416	999
417	653
417	686
417	753
417	862
418	430
418	635
418	668
418	807
419	278
419	941
419	948
419	954
420	309
420	783
420	893
420	925
421	586
421	687
421	806
421	855
422	188
422	651
422	680
422	864
423	555
423	565
423	785
423	926
424	59
424	703
424	918
424	927
425	338
425	648
425	705
425	929
426	257
426	874
426	933
426	952
427	627
427	704
427	787
427	964
428	646
428	805
428	857
428	875
429	296
429	698
429	738
429	966
430	275
430	418
430	668
430	895
431	90
431	768
431	973
431	996
432	214
432	530
432	628
432	824
433	193
433	438
433	920
433	969
434	550
434	827
434	894
434	904
435	391
435	620
435	971
435	991
436	115
436	237
436	468
436	934
437	398
437	759
437	830
437	881
438	433
438	915
438	916
438	969
439	440
439	556
439	950
439	972
440	439
440	772
440	880
440	1000
441	27
441	43
441	660
441	885
442	264
442	665
442	843
442	901
443	242
443	696
443	772
443	1000
444	287
444	678
444	783
444	898
445	224
445	232
445	891
445	992
446	314
446	599
446	862
446	964
447	277
447	777
447	964
447	974
448	719
448	856
448	958
448	999
449	205
449	312
449	803
449	984
450	764
450	769
450	940
450	982
451	244
451	392
451	467
451	786
452	760
452	761
452	924
452	930
453	457
453	717
453	817
453	867
454	223
454	242
454	566
454	931
455	176
455	255
455	349
455	940
456	415
456	519
456	670
456	672
457	453
457	700
457	857
457	867
458	464
458	644
458	880
458	944
459	80
459	639
459	810
459	925
460	572
460	770
460	978
460	990
461	554
461	562
461	847
461	863
462	482
462	490
462	875
462	879
463	712
463	807
463	915
463	967
464	318
464	458
464	772
464	987
465	288
465	559
465	650
465	906
466	496
466	522
466	606
466	695
467	451
467	814
467	884
467	940
468	1
468	360
468	436
468	474
469	496
469	522
469	678
469	774
470	396
470	956
470	978
470	990
471	515
471	552
471	809
471	861
472	279
472	902
472	968
472	991
473	170
473	317
473	869
473	969
474	118
474	468
474	604
474	943
475	273
475	519
475	608
475	882
476	748
476	958
476	961
476	981
477	302
477	520
477	861
477	1000
478	25
478	695
478	952
478	967
479	238
479	859
479	876
479	907
480	290
480	836
480	959
480	996
481	705
481	744
481	869
481	977
482	462
482	754
482	767
482	879
483	92
483	688
483	725
483	900
484	600
484	699
484	932
484	952
485	333
485	525
485	794
485	947
486	27
486	488
486	650
486	844
487	162
487	353
487	601
487	826
488	486
488	631
488	916
488	983
489	739
489	803
489	887
489	940
490	462
490	783
490	875
490	879
491	503
491	594
491	852
491	970
492	153
492	321
492	686
492	787
493	770
493	855
493	978
493	990
494	185
494	788
494	824
494	932
495	244
495	872
495	912
495	982
496	113
496	466
496	469
496	727
497	507
497	531
497	833
497	962
498	345
498	778
498	869
498	888
499	719
499	782
499	865
499	976
500	643
500	839
500	878
500	982
501	72
501	119
501	383
501	943
502	607
502	662
502	679
502	849
503	17
503	491
503	761
503	970
504	1
504	47
504	675
504	864
505	87
505	584
505	968
505	983
506	120
506	561
506	725
506	868
507	497
507	704
507	924
507	970
508	643
508	764
508	830
508	912
509	163
509	654
509	834
509	987
510	169
510	203
510	822
510	988
511	652
511	866
511	964
511	988
512	33
512	518
512	632
512	944
513	74
513	115
513	799
513	906
514	377
514	765
514	966
514	976
515	471
515	552
515	680
515	944
516	82
516	720
516	765
516	900
517	166
517	213
517	353
517	651
517	821
518	340
518	512
518	727
518	861
518	982
519	456
519	475
519	628
519	803
519	852
520	140
520	477
520	539
520	802
520	880
521	591
521	812
521	814
521	964
521	974
522	374
522	466
522	469
522	632
522	861
523	214
523	273
523	532
523	852
523	867
524	149
524	197
524	355
524	358
524	816
525	485
525	719
525	731
525	977
525	985
526	2
526	171
526	911
526	917
526	962
527	260
527	557
527	913
527	926
527	963
528	180
528	542
528	582
528	741
528	752
529	601
529	871
529	876
529	907
529	987
530	321
530	337
530	432
530	532
530	841
531	164
531	497
531	698
531	917
531	987
532	228
532	317
532	523
532	530
532	841
533	563
533	683
533	882
533	895
533	930
534	122
534	176
534	205
534	298
534	622
535	218
535	376
535	740
535	746
535	759
536	16
536	710
536	813
536	851
536	970
537	38
537	108
537	594
537	775
537	917
538	89
538	252
538	600
538	835
538	975
539	111
539	131
539	318
539	520
539	880
540	281
540	379
540	691
540	812
540	985
541	352
541	718
541	881
541	979
541	988
542	350
542	528
542	670
542	674
542	992
543	56
543	279
543	339
543	620
543	954
544	697
544	722
544	895
544	980
544	994
545	50
545	579
545	762
545	785
545	883
546	165
546	355
546	618
546	680
546	906
547	598
547	672
547	768
547	973
547	996
548	932
548	933
548	952
548	967
548	986
549	354
549	780
549	826
549	893
549	896
550	202
550	434
550	877
550	962
550	975
551	44
551	570
551	575
551	611
551	694
552	34
552	471
552	515
552	774
552	944
553	32
553	777
553	785
553	815
553	979
554	461
554	587
554	609
554	805
554	914
555	194
555	423
555	633
555	965
555	998
556	57
556	439
556	720
556	747
556	832
557	137
557	251
557	527
557	913
557	963
558	77
558	685
558	731
558	769
558	987
559	67
559	167
559	465
559	574
559	804
560	663
560	689
560	900
560	935
560	972
561	506
561	626
561	854
561	868
561	997
562	40
562	461
562	686
562	749
562	941
563	533
563	872
563	882
563	902
563	945
564	315
564	788
564	874
564	920
564	967
565	423
565	841
565	926
565	979
565	998
566	145
566	236
566	301
566	454
566	931
567	151
567	279
567	641
567	842
567	930
568	14
568	807
568	874
568	967
568	988
569	72
569	680
569	804
569	852
569	943
570	551
570	806
570	855
570	869
570	888
571	123
571	384
571	763
571	886
571	963
572	31
572	460
572	770
572	978
572	990
573	578
573	598
573	816
573	890
573	925
574	241
574	313
574	559
574	805
574	914
575	144
575	551
575	642
575	837
575	844
576	9
576	129
576	672
576	752
576	992
577	409
577	584
577	714
577	899
577	983
578	573
578	722
578	798
578	925
578	938
579	33
579	545
579	683
579	825
579	971
580	716
580	856
580	968
580	994
580	995
581	662
581	934
581	956
581	965
581	979
582	150
582	180
582	199
582	528
582	752
583	46
583	259
583	617
583	946
583	989
584	505
584	577
584	916
584	969
584	985
585	15
585	723
585	843
585	914
585	915
586	79
586	261
586	421
586	802
586	1000
587	269
587	313
587	554
587	621
587	901
588	698
588	772
588	948
588	954
588	966
589	899
589	908
589	928
589	978
589	999
590	644
590	826
590	890
590	893
590	960
591	102
591	147
591	521
591	593
591	594
592	29
592	257
592	713
592	802
592	880
593	8
593	45
593	229
593	591
593	866
594	491
594	537
594	591
594	761
594	775
595	707
595	845
595	957
595	963
595	991
596	399
596	715
596	838
596	968
596	980
597	770
597	936
597	946
597	986
597	989
598	547
598	573
598	735
598	959
598	973
599	19
599	446
599	728
599	757
599	812
600	484
600	538
600	911
600	975
600	987
601	487
601	529
601	811
601	816
601	943
602	50
602	729
602	859
602	945
602	971
603	350
603	385
603	752
603	992
603	993
604	222
604	293
604	355
604	474
604	943
605	143
605	835
605	873
605	879
605	935
606	55
606	194
606	414
606	466
606	944
607	50
607	206
607	502
607	934
607	979
608	11
608	131
608	475
608	651
608	821
609	554
609	665
609	901
609	914
609	969
610	66
610	621
610	665
610	873
610	901
611	292
611	551
611	726
611	860
611	979
612	147
612	619
612	787
612	866
612	965
613	796
613	885
613	936
613	986
613	989
614	193
614	820
614	960
614	968
614	995
615	92
615	922
615	939
615	984
615	997
616	361
616	835
616	866
616	964
616	974
617	127
617	176
617	583
617	885
617	989
618	358
618	546
618	675
618	827
618	906
619	308
619	612
619	652
619	728
619	743
620	167
620	435
620	543
620	902
620	930
621	231
621	241
621	587
621	610
621	667
622	534
622	741
622	912
622	958
622	982
623	647
623	835
623	871
623	894
623	904
624	664
624	794
624	866
624	947
624	993
625	392
625	653
625	686
625	843
625	974
626	317
626	561
626	705
626	778
626	977
627	153
627	427
627	787
627	862
627	996
628	432
628	519
628	803
628	839
628	917
629	71
629	303
629	916
629	920
629	959
629	983
630	52
630	268
630	323
630	851
630	919
630	924
631	138
631	488
631	920
631	960
631	969
631	983
632	358
632	512
632	522
632	774
632	944
632	949
633	555
633	785
633	800
633	975
633	979
633	998
634	57
634	181
634	388
634	663
634	843
634	950
635	418
635	706
635	751
635	945
635	994
635	995
636	135
636	209
636	715
636	743
636	745
636	980
637	265
637	660
637	798
637	837
637	844
637	860
638	20
638	96
638	724
638	904
638	967
638	975
639	56
639	80
639	86
639	459
639	925
639	938
640	761
640	851
640	870
640	872
640	924
640	970
641	567
641	769
641	859
641	882
641	883
641	991
642	282
642	575
642	660
642	726
642	837
642	926
643	255
643	500
643	508
643	694
643	878
643	884
644	340
644	458
644	590
644	802
644	880
644	1000
645	701
645	799
645	837
645	922
645	942
645	984
646	428
646	758
646	817
646	875
646	879
646	933
647	316
647	319
647	623
647	681
647	758
647	904
648	325
648	343
648	391
648	425
648	929
648	977
649	104
649	143
649	725
649	827
649	873
649	944
650	44
650	265
650	465
650	486
650	837
650	860
651	422
651	517
651	608
651	841
651	852
651	877
652	94
652	511
652	619
652	728
652	757
652	951
653	45
653	330
653	417
653	625
653	787
653	812
654	201
654	509
654	840
654	911
654	945
654	987
655	20
655	171
655	327
655	937
655	962
655	987
656	49
656	731
656	842
656	928
656	947
656	951
657	360
657	375
657	684
657	921
657	927
657	980
658	307
658	842
658	919
658	953
658	955
658	961
659	409
659	791
659	905
659	916
659	969
659	983
660	174
660	282
660	441
660	637
660	642
660	884
661	241
661	756
661	847
661	948
661	954
661	976
662	107
662	114
662	502
662	581
662	979
662	998
663	335
663	560
663	634
663	732
663	848
663	950
664	624
664	719
664	771
664	937
664	951
664	991
665	442
665	609
665	610
665	880
665	901
665	914
666	121
666	278
666	339
666	823
666	825
666	971
667	11
667	621
667	793
667	953
667	955
667	961
668	178
668	418
668	430
668	743
668	767
668	962
669	359
669	369
669	398
669	732
669	950
669	972
670	232
670	415
670	456
670	542
670	899
670	992
671	361
671	788
671	807
671	874
671	932
671	952
672	10
672	199
672	456
672	547
672	576
672	992
673	95
673	354
673	896
673	938
673	950
673	960
674	208
674	258
674	542
674	792
674	973
674	996
675	221
675	239
675	504
675	618
675	778
675	943
676	786
676	919
676	953
676	955
676	961
676	981
677	2
677	190
677	680
677	864
677	943
677	989
678	444
678	469
678	871
678	893
678	896
678	938
679	502
679	815
679	819
679	914
679	965
679	998
680	422
680	515
680	546
680	569
680	677
680	943
681	53
681	254
681	319
681	647
681	894
681	935
682	725
682	829
682	897
682	922
682	956
682	997
683	278
683	533
683	579
683	782
683	945
683	991
684	42
684	116
684	211
684	657
684	949
684	976
685	164
685	328
685	375
685	558
685	833
685	840
686	417
686	492
686	562
686	625
686	844
686	974
687	126
687	229
687	421
687	729
687	810
687	939
688	23
688	137
688	250
688	389
688	483
688	845
689	159
689	333
689	389
689	560
689	848
689	984
690	403
690	885
690	887
690	889
690	986
690	989
691	281
691	362
691	540
691	794
691	809
691	923
692	177
692	923
692	937
692	947
692	990
692	993
693	126
693	324
693	748
693	953
693	955
693	981
694	265
694	551
694	643
694	726
694	844
694	860
695	315
695	466
695	478
695	699
695	932
695	967
696	125
696	203
696	227
696	443
696	802
696	1000
697	544
697	793
697	828
697	919
697	953
697	981
698	429
698	531
698	588
698	782
698	954
698	966
699	271
699	484
699	695
699	740
699	788
699	957
700	457
700	786
700	790
700	884
700	887
700	940
701	200
701	217
701	233
701	645
701	791
701	997
702	21
702	337
702	754
702	857
702	867
702	879
703	346
703	424
703	786
703	921
703	949
703	991
704	60
704	427
704	507
704	760
704	851
704	870
705	216
705	425
705	481
705	626
705	801
705	924
706	635
706	751
706	938
706	956
706	968
706	994
707	332
707	595
707	810
707	845
707	850
707	913
708	320
708	746
708	779
708	830
708	832
708	988
709	146
709	724
709	840
709	858
709	907
709	975
710	97
710	311
710	536
710	856
710	908
710	928
711	366
711	396
711	397
711	828
711	872
711	990
712	14
712	185
712	463
712	807
712	948
712	967
713	592
713	761
713	775
713	851
713	870
713	924
714	222
714	577
714	916
714	918
714	920
714	983
715	596
715	636
715	767
715	972
715	980
715	995
716	580
716	804
716	812
716	895
716	909
716	956
716	980
717	237
717	295
717	453
717	758
717	815
717	817
717	879
718	294
718	352
718	541
718	830
718	881
718	889
718	988
719	448
719	499
719	525
719	664
719	842
719	892
719	951
720	516
720	556
720	732
720	832
720	848
720	950
720	954
721	165
721	747
721	786
721	790
721	884
721	982
721	996
722	136
722	399
722	544
722	578
722	820
722	968
722	994
723	110
723	127
723	585
723	889
723	946
723	986
723	989
724	132
724	201
724	638
724	709
724	755
724	851
724	962
725	374
725	483
725	506
725	649
725	682
725	781
725	942
726	393
726	611
726	642
726	694
726	860
726	947
726	969
727	287
727	295
727	496
727	518
727	774
727	861
727	944
728	314
728	599
728	619
728	652
728	820
728	866
728	974
729	23
729	126
729	305
729	602
729	687
729	788
729	855
730	795
730	885
730	889
730	936
730	943
730	946
730	989
731	31
731	525
731	558
731	656
731	809
731	891
731	985
732	663
732	669
732	720
732	793
732	832
732	848
732	972
733	331
733	374
733	791
733	854
733	939
733	984
733	997
734	139
734	249
734	280
734	375
734	918
734	921
734	949
735	150
735	248
735	598
735	893
735	959
735	973
735	996
736	39
736	124
736	389
736	832
736	900
736	972
736	979
737	304
737	329
737	824
737	863
737	948
737	954
737	966
738	30
738	40
738	429
738	819
738	865
738	941
738	976
739	489
739	790
739	846
739	863
739	884
739	887
739	982
740	44
740	535
740	699
740	788
740	824
740	874
740	952
741	129
741	269
741	528
741	622
741	831
741	878
741	887
742	223
742	371
742	385
742	805
742	818
742	901
742	914
743	338
743	619
743	636
743	668
743	909
743	994
743	995
744	68
744	481
744	800
744	819
744	925
744	934
744	998
745	636
745	767
745	865
745	909
745	968
745	980
745	994
746	262
746	407
746	409
746	535
746	708
746	779
746	830
747	335
747	556
747	721
747	764
747	786
747	846
747	982
748	354
748	476
748	693
748	793
748	945
748	953
748	961
749	25
749	249
749	342
749	562
749	920
749	948
749	954
750	147
750	162
750	811
750	826
750	893
750	898
750	960
751	635
751	706
751	845
751	909
751	980
751	995
751	997
752	415
752	528
752	576
752	582
752	603
752	805
752	992
753	229
753	392
753	417
753	757
753	787
753	862
753	922
754	406
754	482
754	702
754	817
754	848
754	867
754	875
755	164
755	724
755	834
755	846
755	877
755	962
755	987
756	156
756	215
756	342
756	661
756	941
756	954
756	976
757	308
757	599
757	652
757	753
757	915
757	964
757	974
758	28
758	406
758	646
758	647
758	717
758	867
758	879
759	14
759	291
759	437
759	535
759	830
759	881
759	981
760	59
760	378
760	452
760	704
760	851
760	924
760	970
761	190
761	452
761	503
761	594
761	640
761	713
761	813
762	123
762	545
762	773
762	882
762	883
762	971
762	991
763	252
763	571
763	833
763	834
763	858
763	911
763	992
764	264
764	288
764	450
764	508
764	747
764	846
764	974
765	514
765	516
765	782
765	853
765	863
765	966
765	976
766	177
766	210
766	322
766	364
766	794
766	892
766	923
767	482
767	668
767	715
767	745
767	895
767	914
767	995
768	431
768	547
768	792
768	836
768	959
768	973
768	995
768	996
769	20
769	256
769	450
769	558
769	641
769	833
769	917
769	962
770	71
770	460
770	493
770	572
770	597
770	828
770	978
770	990
771	1
771	41
771	49
771	664
771	892
771	923
771	947
771	993
772	261
772	289
772	440
772	443
772	464
772	588
772	940
772	1000
773	344
773	762
773	776
773	825
773	866
773	945
773	971
773	991
774	33
774	35
774	469
774	552
774	632
774	727
774	944
774	957
775	211
775	537
775	594
775	713
775	851
775	870
775	887
775	924
776	179
776	773
776	802
776	897
776	902
776	945
776	971
776	991
777	206
777	447
777	553
777	780
777	926
777	965
777	973
777	979
778	343
778	498
778	626
778	675
778	855
778	888
778	918
778	977
779	91
779	189
779	395
779	708
779	746
779	830
779	881
779	988
780	379
780	549
780	777
780	785
780	815
780	965
780	979
780	998
781	725
781	791
781	796
781	829
781	854
781	897
781	929
781	984
782	152
782	499
782	683
782	698
782	765
782	838
782	863
782	966
783	420
783	444
783	490
783	816
783	831
783	890
783	925
783	960
784	400
784	413
784	838
784	886
784	905
784	922
784	957
784	963
785	423
785	545
785	553
785	633
785	780
785	800
785	819
785	979
786	51
786	451
786	676
786	700
786	703
786	721
786	747
786	878
787	427
787	492
787	612
787	627
787	653
787	753
787	916
787	964
788	494
788	564
788	671
788	699
788	729
788	740
788	933
788	967
789	181
789	187
789	367
789	820
789	956
789	968
789	980
789	995
790	158
790	248
790	700
790	721
790	739
790	884
790	912
790	940
791	659
791	701
791	733
791	781
791	854
791	942
791	963
791	984
792	282
792	674
792	768
792	836
792	959
792	966
792	973
792	996
793	69
793	667
793	697
793	732
793	748
793	953
793	955
793	981
794	61
794	244
794	485
794	624
794	691
794	766
794	857
794	923
795	730
795	808
795	889
795	936
795	946
795	986
795	989
795	997
796	196
796	613
796	781
796	854
796	868
796	922
796	939
796	997
797	325
797	816
797	850
797	853
797	903
797	913
797	925
797	957
798	353
798	359
798	578
798	637
798	890
798	894
798	907
798	960
799	120
799	171
799	351
799	513
799	645
799	922
799	942
799	997
800	633
800	744
800	785
800	819
800	946
800	965
800	979
800	998
801	114
801	266
801	378
801	394
801	705
801	855
801	929
801	977
802	79
802	362
802	520
802	586
802	592
802	644
802	696
802	776
803	166
803	449
803	489
803	519
803	628
803	821
803	841
803	893
804	67
804	149
804	288
804	559
804	569
804	716
804	897
804	943
805	15
805	428
805	554
805	574
805	742
805	752
805	901
805	915
806	34
806	64
806	216
806	338
806	421
806	570
806	929
806	977
807	418
807	463
807	568
807	671
807	712
807	933
807	952
807	967
808	70
808	402
808	795
808	885
808	936
808	946
808	986
808	989
809	41
809	471
809	691
809	731
809	891
809	892
809	923
809	977
810	34
810	345
810	459
810	687
810	707
810	888
810	929
810	977
811	601
811	750
811	816
811	826
811	893
811	896
811	907
811	947
812	102
812	521
812	540
812	599
812	653
812	716
812	862
812	974
813	17
813	236
813	323
813	536
813	761
813	862
813	870
813	970
814	311
814	416
814	467
814	521
814	823
814	849
814	856
814	958
814	999
815	107
815	553
815	679
815	717
815	780
815	951
815	965
815	979
815	998
816	524
816	573
816	601
816	783
816	797
816	811
816	893
816	896
816	938
817	28
817	295
817	453
817	646
817	717
817	754
817	857
817	867
817	875
818	128
818	270
818	313
818	364
818	742
818	860
818	901
818	915
818	931
819	383
819	679
819	738
819	744
819	785
819	800
819	926
819	934
819	977
820	64
820	614
820	722
820	728
820	789
820	909
820	956
820	980
820	995
821	220
821	263
821	517
821	608
821	803
821	839
821	852
821	970
821	974
822	22
822	154
822	332
822	510
822	845
822	903
822	905
822	913
822	963
823	666
823	814
823	849
823	856
823	908
823	938
823	958
823	994
823	999
824	84
824	432
824	494
824	737
824	740
824	874
824	933
824	952
824	967
825	207
825	399
825	579
825	666
825	773
825	869
825	883
825	971
825	991
826	487
826	549
826	590
826	750
826	811
826	876
826	898
826	927
826	960
827	7
827	434
827	618
827	649
827	835
827	873
827	885
827	894
827	935
828	189
828	336
828	396
828	697
828	711
828	770
828	872
828	978
828	990
829	196
829	351
829	403
829	682
829	781
829	854
829	911
829	939
829	997
830	437
830	508
830	708
830	718
830	746
830	759
830	779
830	875
830	910
831	78
831	98
831	260
831	741
831	783
831	876
831	893
831	907
831	960
832	103
832	124
832	556
832	708
832	720
832	732
832	736
832	876
832	950
833	235
833	256
833	286
833	497
833	685
833	763
833	769
833	911
833	941
834	146
834	509
834	755
834	763
834	841
834	911
834	959
834	975
834	987
835	53
835	382
835	538
835	605
835	616
835	623
835	827
835	904
835	935
836	225
836	480
836	768
836	792
836	892
836	941
836	959
836	973
836	996
837	294
837	575
837	637
837	642
837	645
837	650
837	844
837	860
837	870
838	413
838	596
838	782
838	784
838	845
838	853
838	913
838	957
838	963
839	19
839	228
839	312
839	394
839	500
839	628
839	821
839	863
839	991
840	18
840	202
840	654
840	685
840	709
840	929
840	962
840	986
840	987
841	106
841	204
841	213
841	530
841	532
841	565
841	651
841	803
841	834
842	356
842	567
842	656
842	658
842	719
842	891
842	937
842	951
842	993
843	54
843	88
843	223
843	231
843	442
843	585
843	625
843	634
843	931
844	191
844	393
844	486
844	575
844	637
844	686
844	694
844	837
844	860
845	363
845	370
845	401
845	595
845	688
845	707
845	751
845	822
845	838
846	165
846	269
846	380
846	739
846	747
846	755
846	764
846	878
846	940
846	982
847	12
847	152
847	215
847	303
847	461
847	661
847	941
847	966
847	976
847	982
848	243
848	369
848	388
848	404
848	663
848	689
848	720
848	732
848	754
848	972
849	219
849	502
849	814
849	823
849	878
849	899
849	908
849	928
849	958
849	999
850	276
850	330
850	332
850	401
850	707
850	797
850	886
850	895
850	901
850	903
851	16
851	536
851	630
851	640
851	704
851	713
851	724
851	760
851	775
851	929
852	106
852	205
852	321
852	394
852	491
852	519
852	523
852	569
852	651
852	821
853	276
853	390
853	765
853	797
853	838
853	886
853	905
853	948
853	957
853	963
854	371
854	561
854	733
854	781
854	791
854	796
854	829
854	897
854	923
854	997
855	266
855	421
855	493
855	570
855	729
855	778
855	801
855	869
855	888
855	924
856	312
856	448
856	580
856	710
856	814
856	823
856	899
856	908
856	928
856	999
857	28
857	428
857	457
857	702
857	794
857	817
857	867
857	875
857	879
857	884
858	89
858	201
858	408
858	709
858	763
858	877
858	878
858	906
858	962
858	975
859	479
859	602
859	641
859	883
859	902
859	921
859	930
859	945
859	971
859	991
860	294
860	611
860	637
860	650
860	694
860	726
860	818
860	837
860	844
860	890
861	113
861	194
861	340
861	471
861	477
861	518
861	522
861	727
861	907
861	944
862	105
862	299
862	417
862	446
862	627
862	753
862	812
862	813
862	964
862	974
863	163
863	329
863	461
863	737
863	739
863	765
863	782
863	839
863	941
863	976
864	115
864	197
864	221
864	239
864	347
864	422
864	504
864	677
864	906
864	950
865	342
865	373
865	387
865	499
865	738
865	745
865	931
865	941
865	948
865	966
866	94
866	380
866	511
866	593
866	612
866	616
866	624
866	728
866	773
866	964
867	337
867	453
867	457
867	523
867	702
867	754
867	758
867	817
867	857
867	870
868	200
868	506
868	561
868	796
868	874
868	897
868	922
868	942
868	984
868	997
869	338
869	343
869	378
869	473
869	481
869	498
869	570
869	825
869	855
869	977
869	993
870	105
870	290
870	640
870	704
870	713
870	775
870	813
870	837
870	867
870	924
870	970
871	73
871	529
871	623
871	678
871	893
871	896
871	898
871	907
871	925
871	938
871	960
872	246
872	267
872	366
872	402
872	495
872	563
872	640
872	711
872	828
872	978
872	990
873	13
873	118
873	245
873	605
873	610
873	649
873	827
873	894
873	904
873	935
873	947
874	108
874	426
874	564
874	568
874	671
874	740
874	824
874	868
874	933
874	952
874	967
875	308
875	406
875	428
875	462
875	490
875	646
875	754
875	817
875	830
875	857
875	996
876	238
876	348
876	359
876	479
876	529
876	826
876	831
876	832
876	890
876	911
876	960
877	77
877	235
877	327
877	352
877	550
877	651
877	755
877	858
877	917
877	975
877	987
878	264
878	500
878	643
878	741
878	786
878	846
878	849
878	858
878	887
878	940
878	982
879	337
879	462
879	482
879	490
879	605
879	646
879	702
879	717
879	758
879	857
879	889
880	36
880	302
880	393
880	440
880	458
880	520
880	539
880	592
880	644
880	665
880	1000
881	91
881	172
881	183
881	255
881	407
881	437
881	541
881	718
881	759
881	779
881	998
882	121
882	172
882	475
882	533
882	563
882	641
882	762
882	883
882	902
882	930
882	945
883	252
883	319
883	545
883	641
883	762
883	825
883	859
883	882
883	945
883	971
883	991
884	99
884	310
884	467
884	643
884	660
884	700
884	721
884	739
884	790
884	857
884	940
885	441
885	613
885	617
885	690
885	730
885	808
885	827
885	889
885	936
885	946
885	986
886	123
886	401
886	571
886	784
886	850
886	853
886	905
886	952
886	957
886	961
886	1000
887	298
887	489
887	690
887	700
887	739
887	741
887	775
887	878
887	912
887	964
887	982
888	22
888	42
888	85
888	322
888	378
888	498
888	570
888	778
888	810
888	855
888	929
889	403
889	690
889	718
889	723
889	730
889	795
889	879
889	885
889	946
889	968
889	989
890	134
890	348
890	353
890	573
890	590
890	783
890	798
890	860
890	876
890	925
890	973
891	133
891	445
891	731
891	809
891	842
891	892
891	932
891	947
891	951
891	954
891	985
892	26
892	184
892	719
892	766
892	771
892	809
892	836
892	891
892	923
892	951
892	985
893	420
893	549
893	590
893	678
893	735
893	750
893	803
893	811
893	816
893	831
893	871
894	13
894	90
894	210
894	381
894	414
894	434
894	623
894	681
894	798
894	827
894	873
895	64
895	97
895	187
895	430
895	533
895	544
895	716
895	767
895	850
895	956
895	968
895	994
896	86
896	254
896	389
896	549
896	673
896	678
896	811
896	816
896	871
896	907
896	938
896	967
897	284
897	386
897	682
897	776
897	781
897	804
897	854
897	868
897	922
897	939
897	942
897	984
898	4
898	254
898	354
898	444
898	750
898	826
898	871
898	925
898	937
898	938
898	960
898	990
899	30
899	100
899	577
899	589
899	670
899	849
899	856
899	908
899	927
899	928
899	958
899	999
900	159
900	181
900	247
900	388
900	483
900	516
900	560
900	736
900	938
900	950
900	984
900	992
901	386
901	411
901	442
901	587
901	609
901	610
901	665
901	742
901	805
901	818
901	850
901	931
902	132
902	175
902	339
902	472
902	563
902	620
902	776
902	859
902	882
902	935
902	991
902	998
903	6
903	141
903	323
903	330
903	363
903	797
903	822
903	850
903	905
903	913
903	925
903	957
904	53
904	74
904	104
904	118
904	143
904	434
904	623
904	638
904	647
904	835
904	873
904	935
905	55
905	276
905	370
905	384
905	390
905	659
905	784
905	822
905	853
905	886
905	903
905	986
906	67
906	221
906	347
906	355
906	465
906	513
906	546
906	618
906	858
906	864
906	943
906	997
907	98
907	162
907	479
907	529
907	709
907	798
907	811
907	831
907	861
907	871
907	896
907	996
908	30
908	219
908	224
908	589
908	710
908	823
908	849
908	856
908	899
908	928
908	958
908	978
909	5
909	63
909	336
909	716
909	743
909	745
909	751
909	820
909	968
909	970
909	994
909	995
910	15
910	146
910	169
910	183
910	203
910	218
910	270
910	320
910	352
910	376
910	830
910	988
911	75
911	526
911	600
911	654
911	763
911	829
911	833
911	834
911	876
911	921
911	975
911	987
912	99
912	335
912	357
912	384
912	495
912	508
912	622
912	790
912	887
912	940
912	982
912	1000
913	204
913	390
913	416
913	527
913	557
913	707
913	797
913	822
913	838
913	903
913	957
913	963
914	54
914	66
914	242
914	554
914	574
914	585
914	609
914	665
914	679
914	742
914	767
914	931
915	191
915	231
915	297
915	364
915	386
915	438
915	463
915	585
915	757
915	805
915	818
915	931
916	184
916	438
916	488
916	584
916	629
916	659
916	714
916	787
916	920
916	955
916	969
916	983
917	96
917	235
917	328
917	408
917	526
917	531
917	537
917	628
917	769
917	877
917	962
917	975
918	81
918	93
918	139
918	173
918	407
918	424
918	714
918	734
918	778
918	921
918	927
918	949
919	80
919	182
919	397
919	630
919	658
919	676
919	697
919	953
919	955
919	961
919	974
919	981
920	233
920	331
920	412
920	433
920	564
920	629
920	631
920	714
920	749
920	916
920	969
920	983
921	65
921	101
921	211
921	275
921	657
921	703
921	734
921	859
921	911
921	918
921	927
921	949
921	987
922	200
922	415
922	615
922	645
922	682
922	753
922	784
922	796
922	799
922	868
922	897
922	984
922	997
923	341
923	368
923	691
923	692
923	766
923	771
923	794
923	809
923	854
923	892
923	985
923	986
923	993
924	17
924	452
924	507
924	630
924	640
924	705
924	713
924	760
924	775
924	855
924	870
924	970
924	975
925	420
925	459
925	573
925	578
925	639
925	744
925	783
925	797
925	871
925	890
925	898
925	903
925	960
926	107
926	283
926	423
926	527
926	565
926	642
926	777
926	819
926	934
926	965
926	979
926	985
926	998
927	7
927	48
927	81
927	101
927	155
927	405
927	424
927	657
927	826
927	899
927	918
927	921
927	949
928	142
928	160
928	286
928	373
928	589
928	656
928	710
928	849
928	856
928	899
928	908
928	958
928	999
929	85
929	114
929	391
929	425
929	648
929	781
929	801
929	806
929	810
929	840
929	851
929	888
929	977
930	179
930	207
930	366
930	452
930	533
930	567
930	620
930	859
930	882
930	945
930	961
930	971
930	991
931	87
931	191
931	364
931	371
931	454
931	566
931	818
931	843
931	865
931	901
931	914
931	915
931	983
932	9
932	271
932	300
932	484
932	494
932	548
932	671
932	695
932	891
932	933
932	948
932	952
932	967
933	84
933	121
933	185
933	300
933	426
933	548
933	646
933	788
933	807
933	824
933	874
933	932
933	952
934	117
934	156
934	328
934	387
934	436
934	581
934	607
934	744
934	819
934	926
934	965
934	979
934	998
935	192
935	301
935	381
935	382
935	414
935	560
935	605
935	681
935	827
935	835
935	873
935	902
935	904
935	995
936	46
936	70
936	230
936	412
936	597
936	613
936	730
936	795
936	808
936	885
936	946
936	971
936	986
936	989
937	61
937	134
937	210
937	240
937	655
937	664
937	692
937	842
937	898
937	947
937	951
937	985
937	988
937	993
938	86
938	348
938	578
938	639
938	673
938	678
938	706
938	816
938	823
938	871
938	896
938	898
938	900
938	960
939	112
939	148
939	217
939	349
939	405
939	615
939	687
939	733
939	796
939	829
939	897
939	942
939	984
939	997
940	342
940	450
940	455
940	467
940	489
940	700
940	772
940	790
940	846
940	878
940	884
940	912
940	982
940	999
941	40
941	198
941	249
941	419
941	562
941	738
941	756
941	833
941	836
941	847
941	863
941	865
941	954
941	966
942	217
942	349
942	645
942	725
942	791
942	799
942	868
942	897
942	939
942	951
942	963
942	984
942	994
942	997
943	72
943	237
943	347
943	474
943	501
943	569
943	601
943	604
943	675
943	677
943	680
943	730
943	804
943	906
944	35
944	55
944	340
944	458
944	512
944	515
944	552
944	606
944	632
944	649
944	727
944	774
944	861
944	982
945	563
945	602
945	635
945	654
945	683
945	748
945	773
945	776
945	859
945	882
945	883
945	930
945	971
945	991
946	148
946	238
946	583
946	597
946	723
946	730
946	795
946	800
946	808
946	885
946	889
946	936
946	986
946	989
947	26
947	485
947	624
947	656
947	692
947	726
947	771
947	811
947	873
947	891
947	937
947	951
947	985
947	993
948	161
948	163
948	411
948	419
948	588
948	661
948	712
948	737
948	749
948	853
948	865
948	932
948	954
948	966
948	976
949	24
949	42
949	48
949	65
949	78
949	346
949	375
949	405
949	632
949	684
949	703
949	734
949	918
949	921
949	927
950	82
950	137
950	398
950	410
950	439
950	634
950	663
950	669
950	673
950	720
950	832
950	864
950	900
950	961
950	972
951	61
951	212
951	341
951	356
951	652
951	656
951	664
951	719
951	815
951	842
951	891
951	892
951	937
951	942
951	947
952	77
952	329
952	426
952	478
952	484
952	548
952	671
952	740
952	807
952	824
952	874
952	886
952	932
952	933
952	967
953	60
953	188
953	250
953	300
953	658
953	667
953	676
953	693
953	697
953	748
953	793
953	919
953	955
953	961
953	981
954	161
954	334
954	419
954	543
954	588
954	661
954	698
954	720
954	737
954	749
954	756
954	891
954	941
954	948
954	966
955	69
955	182
955	324
955	658
955	667
955	676
955	693
955	793
955	916
955	919
955	953
955	961
955	971
955	978
955	981
956	109
956	187
956	193
956	234
956	296
956	470
956	581
956	682
956	706
956	716
956	789
956	820
956	895
956	968
956	980
957	6
957	141
957	154
957	370
957	595
957	699
957	774
957	784
957	797
957	838
957	853
957	886
957	903
957	913
957	980
958	97
958	100
958	234
958	286
958	416
958	448
958	476
958	622
958	814
958	823
958	849
958	899
958	908
958	928
958	999
959	136
959	157
959	225
959	248
959	480
959	598
959	629
959	735
959	768
959	792
959	834
959	836
959	960
959	973
959	996
960	348
960	590
960	614
960	631
960	673
960	750
960	783
960	798
960	826
960	831
960	871
960	876
960	898
960	925
960	938
960	959
961	11
961	182
961	307
961	397
961	476
961	658
961	667
961	676
961	748
961	886
961	919
961	930
961	950
961	953
961	955
961	981
962	75
962	202
962	208
962	328
962	497
962	526
962	550
962	655
962	668
962	724
962	755
962	769
962	840
962	858
962	917
962	995
963	83
963	141
963	145
963	154
963	325
963	527
963	557
963	571
963	595
963	784
963	791
963	822
963	838
963	853
963	913
963	942
964	168
964	253
964	277
964	324
964	427
964	446
964	447
964	511
964	521
964	616
964	757
964	787
964	862
964	866
964	887
964	974
965	117
965	156
965	195
965	243
965	555
965	581
965	612
965	679
965	777
965	780
965	800
965	815
965	926
965	934
965	983
965	998
966	39
966	341
966	429
966	514
966	588
966	698
966	737
966	765
966	782
966	792
966	847
966	865
966	941
966	948
966	954
966	995
967	382
967	463
967	478
967	548
967	564
967	568
967	638
967	695
967	712
967	788
967	807
967	824
967	874
967	896
967	932
967	952
968	5
968	365
968	472
968	505
968	580
968	596
968	614
968	706
968	722
968	745
968	789
968	889
968	895
968	909
968	956
968	994
969	4
969	184
969	198
969	331
969	409
969	433
969	438
969	473
969	584
969	609
969	631
969	659
969	726
969	916
969	920
969	983
970	16
970	52
970	105
970	268
970	290
970	491
970	503
970	507
970	536
970	640
970	760
970	813
970	821
970	870
970	909
970	924
970	1000
971	18
971	56
971	435
971	579
971	602
971	666
971	762
971	773
971	776
971	825
971	859
971	883
971	930
971	936
971	945
971	955
971	990
972	57
972	76
972	103
972	240
972	247
972	250
972	315
972	333
972	398
972	439
972	560
972	669
972	715
972	732
972	736
972	848
972	950
973	47
973	68
973	136
973	258
973	372
973	431
973	547
973	598
973	674
973	735
973	768
973	777
973	792
973	836
973	890
973	959
973	996
974	8
974	361
974	380
974	447
974	521
974	616
974	625
974	686
974	728
974	757
974	764
974	812
974	821
974	862
974	919
974	964
974	980
975	306
975	327
975	368
975	408
975	538
975	550
975	600
975	633
975	638
975	709
975	834
975	858
975	877
975	911
975	917
975	924
975	990
976	12
976	66
976	89
976	304
976	334
976	373
976	387
976	499
976	514
976	661
976	684
976	738
976	756
976	765
976	847
976	863
976	948
977	22
977	119
977	216
977	266
977	345
977	481
977	525
977	626
977	648
977	778
977	801
977	806
977	809
977	810
977	819
977	869
977	929
978	58
978	73
978	189
978	246
978	267
978	336
978	400
978	460
978	470
978	493
978	572
978	589
978	770
978	828
978	872
978	908
978	955
979	283
979	541
979	553
979	565
979	581
979	607
979	611
979	633
979	662
979	736
979	777
979	780
979	785
979	800
979	815
979	926
979	934
979	998
980	109
980	178
980	296
980	367
980	544
980	596
980	636
980	657
980	715
980	716
980	745
980	751
980	789
980	820
980	956
980	957
980	974
980	994
981	60
981	69
981	307
981	324
981	334
981	397
981	476
981	676
981	693
981	697
981	759
981	793
981	919
981	953
981	955
981	961
981	998
981	999
982	51
982	122
982	357
982	450
982	495
982	500
982	518
982	622
982	721
982	739
982	747
982	846
982	847
982	878
982	887
982	912
982	940
982	944
983	4
983	32
983	138
983	299
983	303
983	412
983	488
983	505
983	577
983	629
983	631
983	659
983	714
983	916
983	920
983	931
983	965
983	969
984	112
984	139
984	349
984	351
984	374
984	449
984	615
984	645
984	689
984	733
984	781
984	791
984	868
984	897
984	900
984	922
984	939
984	942
984	997
985	24
985	31
985	192
985	285
985	322
985	341
985	379
985	404
985	525
985	540
985	584
985	731
985	891
985	892
985	923
985	926
985	937
985	947
985	993
986	70
986	110
986	148
986	230
986	403
986	548
986	597
986	613
986	690
986	723
986	795
986	808
986	840
986	885
986	905
986	923
986	936
986	946
986	989
987	62
987	96
987	132
987	256
987	408
987	464
987	509
987	529
987	531
987	558
987	600
987	654
987	655
987	755
987	834
987	840
987	877
987	911
987	921
988	5
988	91
988	172
988	183
988	218
988	270
988	291
988	320
988	376
988	407
988	510
988	511
988	541
988	568
988	708
988	718
988	779
988	910
988	937
989	95
989	110
989	127
989	230
989	583
989	597
989	613
989	617
989	677
989	690
989	723
989	730
989	795
989	808
989	889
989	936
989	946
989	986
989	994
990	58
990	246
990	259
990	267
990	396
990	400
990	402
990	460
990	470
990	493
990	572
990	692
990	711
990	770
990	828
990	872
990	898
990	971
990	975
991	151
991	326
991	435
991	472
991	595
991	641
991	664
991	683
991	703
991	762
991	773
991	776
991	825
991	839
991	859
991	883
991	902
991	930
991	945
992	10
992	38
992	140
992	159
992	199
992	224
992	232
992	285
992	350
992	385
992	445
992	542
992	576
992	603
992	670
992	672
992	752
992	763
992	900
993	3
993	24
993	26
993	49
993	133
993	177
993	240
993	285
993	346
993	603
993	624
993	692
993	771
993	842
993	869
993	923
993	937
993	947
993	985
994	158
994	178
994	365
994	395
994	399
994	544
994	580
994	635
994	706
994	722
994	743
994	745
994	823
994	895
994	909
994	942
994	968
994	980
994	989
994	995
995	63
995	158
995	209
995	365
995	367
995	580
995	614
995	635
995	715
995	743
995	751
995	767
995	768
995	789
995	820
995	909
995	935
995	962
995	966
995	994
996	47
996	150
996	208
996	225
996	258
996	372
996	431
996	480
996	547
996	627
996	674
996	721
996	735
996	768
996	792
996	836
996	875
996	907
996	959
996	973
997	160
997	284
997	351
997	561
997	615
997	682
997	701
997	733
997	751
997	795
997	796
997	799
997	829
997	854
997	868
997	906
997	922
997	939
997	942
997	984
998	68
998	85
998	117
998	195
998	555
998	565
998	633
998	662
998	679
998	744
998	780
998	800
998	815
998	881
998	902
998	926
998	934
998	965
998	979
998	981
999	100
999	109
999	111
999	142
999	160
999	219
999	311
999	316
999	416
999	448
999	589
999	814
999	823
999	849
999	856
999	899
999	928
999	940
999	958
999	981
1000	29
1000	36
1000	37
1000	111
1000	122
1000	125
1000	257
1000	289
1000	362
1000	440
1000	443
1000	477
1000	586
1000	644
1000	696
1000	772
1000	880
1000	886
1000	912
1000	970
